Datetime,VHM0,VMDR,VTPK,CardinalDirection
2005-01-01 00:00:00,1.65,145.13,12.2699995,SE
2005-01-01 03:00:00,1.5999999,148.27,12.2,SE
2005-01-01 06:00:00,1.49,142.38,11.78,SE
2005-01-01 09:00:00,1.12,137.78,10.03,SE
2005-01-01 12:00:00,1.24,134.92,10.65,SE
2005-01-01 15:00:00,1.18,127.82,10.3,SE
2005-01-01 18:00:00,1.12,121.79,10.03,SE
2005-01-01 21:00:00,1.05,119.229996,9.8,SE
2005-01-02 00:00:00,0.98999995,114.44,9.44,SE
2005-01-02 03:00:00,1.01,92.76,9.179999,E
2005-01-02 06:00:00,1.0,73.69,8.97,E
2005-01-02 09:00:00,1.01,59.420006,4.21,NE
2005-01-02 12:00:00,1.04,48.839996,4.5899997,NE
2005-01-02 15:00:00,1.05,39.17,4.74,NE
2005-01-02 18:00:00,1.05,30.199997,4.89,NE
2005-01-02 21:00:00,1.0,28.160004,4.97,NE
2005-01-03 00:00:00,0.88,38.680008,4.92,NE
2005-01-03 03:00:00,0.84,45.770004,6.49,NE
2005-01-03 06:00:00,0.84999996,47.559998,4.2799997,NE
2005-01-03 09:00:00,0.87,48.740005,4.2599998,NE
2005-01-03 12:00:00,0.94,44.190002,4.56,NE
2005-01-03 15:00:00,1.01,39.089996,4.81,NE
2005-01-03 18:00:00,1.11,35.190002,5.1099997,NE
2005-01-03 21:00:00,1.09,32.820007,5.13,NE
2005-01-04 00:00:00,1.04,30.970001,5.06,NE
2005-01-04 03:00:00,1.02,32.979996,4.93,NE
2005-01-04 06:00:00,1.0699999,34.940002,4.8199997,NE
2005-01-04 09:00:00,1.14,38.39,5.15,NE
2005-01-04 12:00:00,1.18,35.930008,5.3199997,NE
2005-01-04 15:00:00,1.27,30.800003,5.5699997,NE
2005-01-04 18:00:00,1.29,27.699997,5.7599998,NE
2005-01-04 21:00:00,1.24,27.380005,5.92,NE
2005-01-05 00:00:00,1.18,28.690002,5.98,NE
2005-01-05 03:00:00,1.15,30.600006,6.0499997,NE
2005-01-05 06:00:00,1.13,32.479996,6.0,NE
2005-01-05 09:00:00,1.15,30.350006,5.7799997,NE
2005-01-05 12:00:00,1.16,30.589996,5.8199997,NE
2005-01-05 15:00:00,1.12,31.770004,5.85,NE
2005-01-05 18:00:00,1.05,33.380005,5.87,NE
2005-01-05 21:00:00,0.98999995,34.729996,5.8799996,NE
2005-01-06 00:00:00,0.96,34.11,5.92,NE
2005-01-06 03:00:00,0.90999997,35.11,5.87,NE
2005-01-06 06:00:00,0.83,41.740005,5.85,NE
2005-01-06 09:00:00,0.76,50.880005,5.91,NE
2005-01-06 12:00:00,0.74,57.57,7.52,NE
2005-01-06 15:00:00,0.71999997,65.55,7.5499997,NE
2005-01-06 18:00:00,0.69,74.26,10.44,E
2005-01-06 21:00:00,0.65999997,80.53,10.38,E
2005-01-07 00:00:00,0.65,84.1,10.24,E
2005-01-07 03:00:00,0.83,118.21001,9.849999,SE
2005-01-07 06:00:00,1.25,143.33,4.77,SE
2005-01-07 09:00:00,1.41,144.38,5.5499997,SE
2005-01-07 12:00:00,1.5799999,144.75,6.1099997,SE
2005-01-07 15:00:00,1.7099999,146.01001,6.47,SE
2005-01-07 18:00:00,1.7199999,144.76001,6.6299996,SE
2005-01-07 21:00:00,1.7199999,144.45999,6.54,SE
2005-01-08 00:00:00,1.7099999,142.08,6.3999996,SE
2005-01-08 03:00:00,1.68,137.61,6.39,SE
2005-01-08 06:00:00,1.66,134.34,6.2999997,SE
2005-01-08 09:00:00,1.73,130.67,6.23,SE
2005-01-08 12:00:00,1.7199999,130.36,6.3599997,SE
2005-01-08 15:00:00,1.7099999,133.17,6.3799996,SE
2005-01-08 18:00:00,1.88,137.12,6.5899997,SE
2005-01-08 21:00:00,1.9,140.78,6.5699997,SE
2005-01-09 00:00:00,1.92,141.95999,6.58,SE
2005-01-09 03:00:00,1.9499999,143.94,6.54,SE
2005-01-09 06:00:00,2.01,147.57,6.54,SE
2005-01-09 09:00:00,2.09,149.11,6.6499996,SE
2005-01-09 12:00:00,2.11,146.63,6.7999997,SE
2005-01-09 15:00:00,2.06,142.33,7.3999996,SE
2005-01-09 18:00:00,1.9599999,138.8,7.41,SE
2005-01-09 21:00:00,1.92,137.25,7.3799996,SE
2005-01-10 00:00:00,1.89,135.3,7.3999996,SE
2005-01-10 03:00:00,1.86,132.95,7.48,SE
2005-01-10 06:00:00,1.86,131.42,7.45,SE
2005-01-10 09:00:00,1.8499999,130.29001,7.31,SE
2005-01-10 12:00:00,1.8499999,130.83,7.2799997,SE
2005-01-10 15:00:00,1.8199999,131.11,7.3199997,SE
2005-01-10 18:00:00,1.78,130.56,7.43,SE
2005-01-10 21:00:00,1.78,130.15,7.48,SE
2005-01-11 00:00:00,1.78,129.03,7.45,SE
2005-01-11 03:00:00,1.79,126.86,7.3999996,SE
2005-01-11 06:00:00,1.76,125.67,7.33,SE
2005-01-11 09:00:00,1.8499999,124.47,7.3199997,SE
2005-01-11 12:00:00,1.76,120.78,7.46,SE
2005-01-11 15:00:00,1.7099999,117.479996,7.47,SE
2005-01-11 18:00:00,1.67,114.880005,7.43,SE
2005-01-11 21:00:00,1.63,113.33,7.3999996,SE
2005-01-12 00:00:00,1.65,113.200005,7.41,SE
2005-01-12 03:00:00,1.67,110.96,7.5,E
2005-01-12 06:00:00,1.66,107.92,7.6499996,E
2005-01-12 09:00:00,1.65,105.72,7.8199997,E
2005-01-12 12:00:00,1.68,103.6,7.97,E
2005-01-12 15:00:00,1.73,100.66,8.12,E
2005-01-12 18:00:00,1.73,98.020004,8.25,E
2005-01-12 21:00:00,1.78,97.41,8.44,E
2005-01-13 00:00:00,1.81,97.3,8.62,E
2005-01-13 03:00:00,1.8199999,97.55,8.74,E
2005-01-13 06:00:00,1.9,98.26,8.849999,E
2005-01-13 09:00:00,1.9,97.17,8.889999,E
2005-01-13 12:00:00,1.89,95.26,8.98,E
2005-01-13 15:00:00,1.93,94.35,9.09,E
2005-01-13 18:00:00,2.02,94.4,9.15,E
2005-01-13 21:00:00,2.08,94.78,9.24,E
2005-01-14 00:00:00,2.1399999,95.41,9.37,E
2005-01-14 03:00:00,2.21,95.43,9.62,E
2005-01-14 06:00:00,2.23,96.14,9.7699995,E
2005-01-14 09:00:00,2.22,97.07,9.86,E
2005-01-14 12:00:00,2.19,97.43,9.95,E
2005-01-14 15:00:00,2.1399999,98.0,9.929999,E
2005-01-14 18:00:00,2.11,99.1,9.889999,E
2005-01-14 21:00:00,2.08,101.65,9.809999,E
2005-01-15 00:00:00,2.05,102.97,9.679999,E
2005-01-15 03:00:00,2.06,102.21,9.54,E
2005-01-15 06:00:00,2.11,102.66,9.41,E
2005-01-15 09:00:00,2.08,103.25,9.309999,E
2005-01-15 12:00:00,1.9799999,103.25,9.2,E
2005-01-15 15:00:00,1.86,103.37,9.09,E
2005-01-15 18:00:00,1.77,103.92,9.03,E
2005-01-15 21:00:00,1.68,105.520004,8.92,E
2005-01-16 00:00:00,1.5999999,106.17,8.849999,E
2005-01-16 03:00:00,1.53,106.01,8.74,E
2005-01-16 06:00:00,1.76,105.73,9.46,E
2005-01-16 09:00:00,1.5,106.32,8.91,E
2005-01-16 12:00:00,1.35,106.93,8.7,E
2005-01-16 15:00:00,1.25,107.82,8.63,E
2005-01-16 18:00:00,1.1899999,109.3,8.5,E
2005-01-16 21:00:00,1.17,112.24,8.55,E
2005-01-17 00:00:00,1.2099999,118.21001,8.41,SE
2005-01-17 03:00:00,1.35,124.17,8.389999,SE
2005-01-17 06:00:00,1.48,126.86,7.2799997,SE
2005-01-17 09:00:00,1.54,128.13,6.02,SE
2005-01-17 12:00:00,1.64,131.39,6.39,SE
2005-01-17 15:00:00,1.78,134.47,7.49,SE
2005-01-17 18:00:00,2.01,140.45999,7.6299996,SE
2005-01-17 21:00:00,2.23,146.19,7.75,SE
2005-01-18 00:00:00,2.18,144.63,8.0199995,SE
2005-01-18 03:00:00,2.1299999,142.22,8.099999,SE
2005-01-18 06:00:00,2.1699998,141.3,8.099999,SE
2005-01-18 09:00:00,2.1699998,140.38,8.11,SE
2005-01-18 12:00:00,2.07,138.01001,8.13,SE
2005-01-18 15:00:00,1.92,134.46,8.13,SE
2005-01-18 18:00:00,2.09,131.8,8.73,SE
2005-01-18 21:00:00,1.92,129.64,8.45,SE
2005-01-19 00:00:00,1.81,127.14,8.33,SE
2005-01-19 03:00:00,1.73,124.8,8.26,SE
2005-01-19 06:00:00,1.66,123.12,8.179999,SE
2005-01-19 09:00:00,1.5799999,121.58,8.099999,SE
2005-01-19 12:00:00,1.51,119.92,8.0,SE
2005-01-19 15:00:00,1.4499999,117.72,7.8799996,SE
2005-01-19 18:00:00,1.38,116.22,7.75,SE
2005-01-19 21:00:00,1.3199999,114.82,7.66,SE
2005-01-20 00:00:00,1.27,112.83,7.58,SE
2005-01-20 03:00:00,1.24,110.130005,7.5299997,E
2005-01-20 06:00:00,1.2099999,107.15,7.47,E
2005-01-20 09:00:00,1.2099999,102.91,7.4199996,E
2005-01-20 12:00:00,1.17,99.840004,7.3799996,E
2005-01-20 15:00:00,1.12,98.51,7.33,E
2005-01-20 18:00:00,0.97999996,95.4,6.89,E
2005-01-20 21:00:00,0.98999995,88.03,6.73,E
2005-01-21 00:00:00,1.05,73.880005,6.7999997,E
2005-01-21 03:00:00,1.18,55.370003,7.0299997,NE
2005-01-21 06:00:00,1.42,47.729996,6.47,NE
2005-01-21 09:00:00,1.3199999,48.29001,5.24,NE
2005-01-21 12:00:00,1.27,46.380005,5.2999997,NE
2005-01-21 15:00:00,1.3,47.690002,5.81,NE
2005-01-21 18:00:00,1.2099999,53.450005,7.79,NE
2005-01-21 21:00:00,1.11,59.440002,7.89,NE
2005-01-22 00:00:00,1.04,62.910004,7.81,NE
2005-01-22 03:00:00,0.98999995,64.96,7.6699996,NE
2005-01-22 06:00:00,0.90999997,66.32,7.39,NE
2005-01-22 09:00:00,0.90999997,66.490005,7.2599998,NE
2005-01-22 12:00:00,0.90999997,68.450005,7.1099997,E
2005-01-22 15:00:00,0.88,71.630005,6.8599997,E
2005-01-22 18:00:00,0.84,75.75,6.6099997,E
2005-01-22 21:00:00,0.83,79.29,6.44,E
2005-01-23 00:00:00,0.85999995,78.520004,8.139999,E
2005-01-23 03:00:00,0.87,79.520004,7.93,E
2005-01-23 06:00:00,0.88,80.670006,5.95,E
2005-01-23 09:00:00,0.91999996,79.65,6.0099998,E
2005-01-23 12:00:00,0.93,79.170006,5.79,E
2005-01-23 15:00:00,0.95,80.32,5.81,E
2005-01-23 18:00:00,0.98999995,80.43,5.71,E
2005-01-23 21:00:00,1.09,79.65,5.7799997,E
2005-01-24 00:00:00,1.18,81.170006,6.02,E
2005-01-24 03:00:00,1.26,84.97,6.15,E
2005-01-24 06:00:00,1.38,87.020004,6.2799997,E
2005-01-24 09:00:00,1.4599999,87.590004,6.42,E
2005-01-24 12:00:00,1.52,89.03,6.56,E
2005-01-24 15:00:00,1.62,90.9,6.75,E
2005-01-24 18:00:00,1.7199999,92.67,6.93,E
2005-01-24 21:00:00,1.8299999,94.770004,7.06,E
2005-01-25 00:00:00,1.89,95.18,7.33,E
2005-01-25 03:00:00,1.9799999,95.23,7.5099998,E
2005-01-25 06:00:00,2.1499999,96.5,7.75,E
2005-01-25 09:00:00,2.51,100.05,8.07,E
2005-01-25 12:00:00,2.6399999,100.4,8.36,E
2005-01-25 15:00:00,2.62,100.39,8.599999,E
2005-01-25 18:00:00,2.59,101.270004,8.65,E
2005-01-25 21:00:00,2.53,102.1,8.69,E
2005-01-26 00:00:00,2.48,102.560005,8.71,E
2005-01-26 03:00:00,2.49,101.94,8.79,E
2005-01-26 06:00:00,2.47,101.66,8.91,E
2005-01-26 09:00:00,2.4299998,102.840004,9.0,E
2005-01-26 12:00:00,2.55,104.05,9.309999,E
2005-01-26 15:00:00,2.44,104.55,9.15,E
2005-01-26 18:00:00,2.44,105.54,9.23,E
2005-01-26 21:00:00,2.33,105.630005,9.2699995,E
2005-01-27 00:00:00,2.29,106.71,9.41,E
2005-01-27 03:00:00,2.26,107.85,9.57,E
2005-01-27 06:00:00,2.28,109.950005,9.7699995,E
2005-01-27 09:00:00,2.28,111.15,9.91,E
2005-01-27 12:00:00,2.26,111.57,9.87,E
2005-01-27 15:00:00,2.25,111.87,9.71,E
2005-01-27 18:00:00,2.24,115.39,9.57,SE
2005-01-27 21:00:00,2.31,124.06,9.45,SE
2005-01-28 00:00:00,2.24,126.06,9.17,SE
2005-01-28 03:00:00,2.19,123.850006,9.07,SE
2005-01-28 06:00:00,2.26,126.43,8.92,SE
2005-01-28 09:00:00,2.19,129.3,8.44,SE
2005-01-28 12:00:00,2.03,128.04001,8.73,SE
2005-01-28 15:00:00,2.12,125.12,9.51,SE
2005-01-28 18:00:00,1.93,122.53,9.25,SE
2005-01-28 21:00:00,1.77,119.68,8.9,SE
2005-01-29 00:00:00,1.65,118.05,8.849999,SE
2005-01-29 03:00:00,1.56,117.44,9.17,SE
2005-01-29 06:00:00,1.52,118.240005,9.84,SE
2005-01-29 09:00:00,1.54,119.270004,10.44,SE
2005-01-29 12:00:00,1.61,120.93,10.639999,SE
2005-01-29 15:00:00,1.68,121.4,10.62,SE
2005-01-29 18:00:00,1.74,120.7,10.469999,SE
2005-01-29 21:00:00,1.79,119.71001,10.309999,SE
2005-01-30 00:00:00,1.81,118.59,10.24,SE
2005-01-30 03:00:00,1.79,117.66,10.3,SE
2005-01-30 06:00:00,1.81,117.01,10.61,SE
2005-01-30 09:00:00,1.74,116.61,10.7,SE
2005-01-30 12:00:00,1.74,117.53,10.75,SE
2005-01-30 15:00:00,1.77,118.380005,10.84,SE
2005-01-30 18:00:00,1.81,117.979996,11.929999,SE
2005-01-30 21:00:00,1.8499999,117.16,13.09,SE
2005-01-31 00:00:00,1.88,116.91,13.08,SE
2005-01-31 03:00:00,2.01,117.66,13.049999,SE
2005-01-31 06:00:00,1.9399999,119.31,12.82,SE
2005-01-31 09:00:00,1.88,118.66,12.809999,SE
2005-01-31 12:00:00,1.8,117.9,12.75,SE
2005-01-31 15:00:00,1.77,117.5,12.759999,SE
2005-01-31 18:00:00,1.79,116.46001,12.84,SE
2005-01-31 21:00:00,1.81,116.61,12.75,SE
2005-02-01 00:00:00,1.76,116.94,12.28,SE
2005-02-01 03:00:00,1.77,122.81,11.84,SE
2005-02-01 06:00:00,1.65,118.44,11.57,SE
2005-02-01 09:00:00,1.5699999,116.54,11.42,SE
2005-02-01 12:00:00,1.49,115.36,11.32,SE
2005-02-01 15:00:00,1.41,114.48,11.179999,SE
2005-02-01 18:00:00,1.3299999,113.42,11.059999,SE
2005-02-01 21:00:00,1.29,111.49,10.9,E
2005-02-02 00:00:00,1.35,108.85,11.04,E
2005-02-02 03:00:00,1.31,103.16,10.61,E
2005-02-02 06:00:00,1.41,94.700005,10.65,E
2005-02-02 09:00:00,1.36,85.32,10.11,E
2005-02-02 12:00:00,1.3299999,78.47,9.91,E
2005-02-02 15:00:00,1.31,70.270004,9.74,E
2005-02-02 18:00:00,1.22,71.43,9.61,E
2005-02-02 21:00:00,1.09,84.48,9.469999,E
2005-02-03 00:00:00,1.0,100.39,9.4,E
2005-02-03 03:00:00,1.11,119.58,9.55,SE
2005-02-03 06:00:00,1.1999999,125.47,9.62,SE
2005-02-03 09:00:00,1.1899999,124.72,5.99,SE
2005-02-03 12:00:00,1.1899999,123.43,6.2799997,SE
2005-02-03 15:00:00,1.16,122.42,6.3999996,SE
2005-02-03 18:00:00,1.11,122.81,6.47,SE
2005-02-03 21:00:00,1.05,123.08,6.49,SE
2005-02-04 00:00:00,0.98999995,122.729996,6.54,SE
2005-02-04 03:00:00,0.96,121.12,9.19,SE
2005-02-04 06:00:00,0.94,118.020004,8.889999,SE
2005-02-04 09:00:00,0.90999997,114.810005,8.87,SE
2005-02-04 12:00:00,0.89,111.79,8.83,E
2005-02-04 15:00:00,0.84999996,109.33,8.83,E
2005-02-04 18:00:00,0.82,105.93,8.86,E
2005-02-04 21:00:00,0.78,103.72,8.98,E
2005-02-05 00:00:00,0.75,103.47,9.2,E
2005-02-05 03:00:00,0.72999996,102.8,9.54,E
2005-02-05 06:00:00,0.69,95.39,9.09,E
2005-02-05 09:00:00,0.7,86.090004,8.66,E
2005-02-05 12:00:00,0.71999997,81.11,8.71,E
2005-02-05 15:00:00,0.75,80.670006,8.9,E
2005-02-05 18:00:00,0.76,84.29,8.91,E
2005-02-05 21:00:00,0.75,89.53,8.79,E
2005-02-06 00:00:00,0.71999997,94.83,8.71,E
2005-02-06 03:00:00,0.69,98.58,8.7,E
2005-02-06 06:00:00,0.7,100.3,8.96,E
2005-02-06 09:00:00,0.71,101.03,9.7,E
2005-02-06 12:00:00,0.71999997,101.66,10.599999,E
2005-02-06 15:00:00,0.75,100.91,10.929999,E
2005-02-06 18:00:00,0.76,99.810005,10.78,E
2005-02-06 21:00:00,0.68,99.4,9.98,E
2005-02-07 00:00:00,0.65999997,99.97,9.82,E
2005-02-07 03:00:00,0.66999996,100.19,9.96,E
2005-02-07 06:00:00,0.68,100.67,10.01,E
2005-02-07 09:00:00,0.71,99.69,9.92,E
2005-02-07 12:00:00,0.72999996,97.73,9.79,E
2005-02-07 15:00:00,0.76,97.770004,9.809999,E
2005-02-07 18:00:00,0.78999996,95.810005,10.07,E
2005-02-07 21:00:00,0.82,94.200005,10.59,E
2005-02-08 00:00:00,0.84999996,95.0,10.92,E
2005-02-08 03:00:00,0.94,84.55,11.179999,E
2005-02-08 06:00:00,1.06,67.64,11.21,E
2005-02-08 09:00:00,1.1899999,54.630005,8.47,NE
2005-02-08 12:00:00,1.3199999,43.65001,5.06,NE
2005-02-08 15:00:00,1.4399999,36.479996,5.49,NE
2005-02-08 18:00:00,1.55,29.309998,5.6,NE
2005-02-08 21:00:00,1.5799999,25.440002,5.89,NE
2005-02-09 00:00:00,1.51,28.699997,6.0,NE
2005-02-09 03:00:00,1.35,38.180008,9.05,NE
2005-02-09 06:00:00,1.1899999,48.490005,10.889999,NE
2005-02-09 09:00:00,1.04,61.990005,10.8,NE
2005-02-09 12:00:00,0.95,71.0,10.75,E
2005-02-09 15:00:00,0.94,72.23,10.69,E
2005-02-09 18:00:00,0.96,70.41,10.76,E
2005-02-09 21:00:00,1.01,59.440002,10.61,NE
2005-02-10 00:00:00,1.09,46.990005,8.72,NE
2005-02-10 03:00:00,1.04,49.100006,8.84,NE
2005-02-10 06:00:00,0.96999997,59.380005,10.78,NE
2005-02-10 09:00:00,0.89,67.57,10.55,E
2005-02-10 12:00:00,0.84,77.83,10.4,E
2005-02-10 15:00:00,1.0,120.84,10.11,SE
2005-02-10 18:00:00,1.29,145.81,4.83,SE
2005-02-10 21:00:00,1.5799999,152.12,5.64,SE
2005-02-11 00:00:00,1.67,146.94,6.14,SE
2005-02-11 03:00:00,1.67,140.59,6.24,SE
2005-02-11 06:00:00,1.62,137.47,6.16,SE
2005-02-11 09:00:00,1.5999999,134.3,6.2,SE
2005-02-11 12:00:00,2.1,130.41,7.27,SE
2005-02-11 15:00:00,1.8199999,124.72,7.3999996,SE
2005-02-11 18:00:00,1.62,120.61,7.0699997,SE
2005-02-11 21:00:00,1.49,117.57,6.68,SE
2005-02-12 00:00:00,1.41,114.55,6.5299997,SE
2005-02-12 03:00:00,1.3399999,111.48,6.42,E
2005-02-12 06:00:00,1.36,107.020004,6.3999996,E
2005-02-12 09:00:00,1.41,102.04,6.22,E
2005-02-12 12:00:00,1.41,98.5,5.95,E
2005-02-12 15:00:00,1.36,99.770004,6.48,E
2005-02-12 18:00:00,1.37,105.29,6.48,E
2005-02-12 21:00:00,1.4499999,113.46,5.66,SE
2005-02-13 00:00:00,1.67,123.16,5.83,SE
2005-02-13 03:00:00,1.81,128.41,6.1299996,SE
2005-02-13 06:00:00,1.93,129.9,6.33,SE
2005-02-13 09:00:00,2.01,128.34,6.64,SE
2005-02-13 12:00:00,2.06,124.19,6.99,SE
2005-02-13 15:00:00,2.11,121.15,7.29,SE
2005-02-13 18:00:00,2.18,120.68,7.4199996,SE
2005-02-13 21:00:00,2.26,121.270004,7.5099998,SE
2005-02-14 00:00:00,2.28,121.270004,7.6299996,SE
2005-02-14 03:00:00,2.24,120.42,7.75,SE
2005-02-14 06:00:00,2.18,119.66,7.81,SE
2005-02-14 09:00:00,2.1399999,118.21001,7.7999997,SE
2005-02-14 12:00:00,2.1,114.67,7.8599997,SE
2005-02-14 15:00:00,2.0,110.48,7.87,E
2005-02-14 18:00:00,1.9,107.24,7.8599997,E
2005-02-14 21:00:00,1.8,105.39,7.8199997,E
2005-02-15 00:00:00,1.7099999,103.73,7.7999997,E
2005-02-15 03:00:00,1.64,101.6,7.85,E
2005-02-15 06:00:00,1.55,99.68,7.89,E
2005-02-15 09:00:00,1.48,97.85,7.85,E
2005-02-15 12:00:00,1.41,96.32,7.83,E
2005-02-15 15:00:00,1.36,94.840004,7.81,E
2005-02-15 18:00:00,1.3199999,93.810005,7.8199997,E
2005-02-15 21:00:00,1.26,93.01,7.79,E
2005-02-16 00:00:00,1.23,92.490005,7.8399997,E
2005-02-16 03:00:00,1.1899999,90.91,7.95,E
2005-02-16 06:00:00,1.1999999,85.130005,7.99,E
2005-02-16 09:00:00,1.1999999,82.87,8.09,E
2005-02-16 12:00:00,1.14,83.46,8.11,E
2005-02-16 15:00:00,1.0699999,85.130005,8.11,E
2005-02-16 18:00:00,1.02,86.96,8.08,E
2005-02-16 21:00:00,0.97999996,88.22,8.0199995,E
2005-02-17 00:00:00,1.12,89.700005,8.639999,E
2005-02-17 03:00:00,1.0799999,93.490005,8.51,E
2005-02-17 06:00:00,1.09,97.310005,8.47,E
2005-02-17 09:00:00,1.15,101.55,8.4,E
2005-02-17 12:00:00,1.25,104.630005,8.37,E
2005-02-17 15:00:00,1.25,109.58,8.139999,E
2005-02-17 18:00:00,1.22,114.16,7.93,SE
2005-02-17 21:00:00,1.2099999,117.11,6.99,SE
2005-02-18 00:00:00,1.29,118.79,7.25,SE
2005-02-18 03:00:00,1.28,119.81,7.06,SE
2005-02-18 06:00:00,1.26,118.51,7.0099998,SE
2005-02-18 09:00:00,1.23,115.07,6.8999996,SE
2005-02-18 12:00:00,1.1999999,111.020004,6.77,E
2005-02-18 15:00:00,1.17,107.130005,6.69,E
2005-02-18 18:00:00,1.15,104.04,6.68,E
2005-02-18 21:00:00,1.12,101.82,6.71,E
2005-02-19 00:00:00,1.09,100.07,6.77,E
2005-02-19 03:00:00,1.0799999,98.61,6.85,E
2005-02-19 06:00:00,1.0799999,96.060005,7.3599997,E
2005-02-19 09:00:00,1.03,93.380005,7.23,E
2005-02-19 12:00:00,1.0699999,92.01,7.31,E
2005-02-19 15:00:00,1.12,90.08,7.44,E
2005-02-19 18:00:00,1.17,88.85,7.54,E
2005-02-19 21:00:00,1.1999999,88.200005,7.6499996,E
2005-02-20 00:00:00,1.22,87.380005,7.79,E
2005-02-20 03:00:00,1.17,86.83,7.6699996,E
2005-02-20 06:00:00,1.2099999,86.14,7.9199996,E
2005-02-20 09:00:00,1.29,85.35,8.55,E
2005-02-20 12:00:00,1.4,84.97,9.0199995,E
2005-02-20 15:00:00,1.4399999,84.420006,9.16,E
2005-02-20 18:00:00,1.4599999,84.07,9.37,E
2005-02-20 21:00:00,1.38,84.28,9.25,E
2005-02-21 00:00:00,1.42,84.78,9.33,E
2005-02-21 03:00:00,1.42,85.16,9.36,E
2005-02-21 06:00:00,1.42,84.72,9.38,E
2005-02-21 09:00:00,1.42,83.670006,9.4,E
2005-02-21 12:00:00,1.4599999,82.420006,9.69,E
2005-02-21 15:00:00,1.4499999,83.020004,10.92,E
2005-02-21 18:00:00,1.4,84.39,11.559999,E
2005-02-21 21:00:00,1.36,85.94,11.48,E
2005-02-22 00:00:00,1.3199999,87.33,11.219999,E
2005-02-22 03:00:00,1.3199999,87.590004,11.0,E
2005-02-22 06:00:00,1.3199999,86.22,10.809999,E
2005-02-22 09:00:00,1.23,85.32,10.15,E
2005-02-22 12:00:00,1.22,84.810005,9.889999,E
2005-02-22 15:00:00,1.23,86.26,10.55,E
2005-02-22 18:00:00,1.23,88.98,10.84,E
2005-02-22 21:00:00,1.23,91.020004,11.059999,E
2005-02-23 00:00:00,1.28,92.240005,11.46,E
2005-02-23 03:00:00,1.3,92.770004,12.16,E
2005-02-23 06:00:00,1.3199999,93.090004,12.7699995,E
2005-02-23 09:00:00,1.37,93.03,12.88,E
2005-02-23 12:00:00,1.39,93.01,12.91,E
2005-02-23 15:00:00,1.41,93.04,12.98,E
2005-02-23 18:00:00,1.42,92.840004,12.95,E
2005-02-23 21:00:00,1.28,92.69,11.9,E
2005-02-24 00:00:00,1.28,93.200005,11.87,E
2005-02-24 03:00:00,1.27,92.71,11.67,E
2005-02-24 06:00:00,1.25,92.020004,11.36,E
2005-02-24 09:00:00,1.23,91.55,11.11,E
2005-02-24 12:00:00,1.23,91.23,10.99,E
2005-02-24 15:00:00,1.2099999,91.12,10.96,E
2005-02-24 18:00:00,1.1999999,91.42,11.12,E
2005-02-24 21:00:00,1.1899999,91.78,11.46,E
2005-02-25 00:00:00,1.17,92.07,11.53,E
2005-02-25 03:00:00,1.15,92.22,11.509999,E
2005-02-25 06:00:00,1.14,92.03,11.44,E
2005-02-25 09:00:00,1.11,91.53,11.07,E
2005-02-25 12:00:00,1.1,90.200005,10.7,E
2005-02-25 15:00:00,1.09,88.57,10.24,E
2005-02-25 18:00:00,1.0799999,88.05,9.95,E
2005-02-25 21:00:00,1.06,88.05,9.78,E
2005-02-26 00:00:00,1.04,88.07,9.599999,E
2005-02-26 03:00:00,1.02,88.14,9.34,E
2005-02-26 06:00:00,1.01,88.270004,9.099999,E
2005-02-26 09:00:00,1.01,88.44,8.889999,E
2005-02-26 12:00:00,1.02,88.55,8.74,E
2005-02-26 15:00:00,1.03,88.46,8.59,E
2005-02-26 18:00:00,1.04,88.310005,8.47,E
2005-02-26 21:00:00,0.96,88.05,8.059999,E
2005-02-27 00:00:00,0.95,88.270004,7.93,E
2005-02-27 03:00:00,0.93,89.47,7.72,E
2005-02-27 06:00:00,0.94,90.15,7.68,E
2005-02-27 09:00:00,1.02,90.03,7.99,E
2005-02-27 12:00:00,0.91999996,90.53,7.5,E
2005-02-27 15:00:00,0.90999997,90.97,7.31,E
2005-02-27 18:00:00,0.91999996,91.98,7.39,E
2005-02-27 21:00:00,0.94,95.75,7.52,E
2005-02-28 00:00:00,1.0,103.35,7.6299996,E
2005-02-28 03:00:00,1.11,116.2,7.71,SE
2005-02-28 06:00:00,1.35,130.3,4.81,SE
2005-02-28 09:00:00,1.53,135.21,5.64,SE
2005-02-28 12:00:00,1.5999999,131.98,6.1,SE
2005-02-28 15:00:00,1.63,126.64,6.3199997,SE
2005-02-28 18:00:00,1.61,122.22,6.46,SE
2005-02-28 21:00:00,1.61,118.68,6.54,SE
2005-03-01 00:00:00,1.64,115.41,6.6499996,SE
2005-03-01 03:00:00,1.68,118.04,6.7599998,SE
2005-03-01 06:00:00,1.65,113.41,7.2,SE
2005-03-01 09:00:00,1.5699999,111.76,7.3199997,E
2005-03-01 12:00:00,1.48,109.97,7.41,E
2005-03-01 15:00:00,1.42,107.74,7.47,E
2005-03-01 18:00:00,1.38,105.67,7.5299997,E
2005-03-01 21:00:00,1.36,104.08,7.68,E
2005-03-02 00:00:00,1.31,103.67,7.74,E
2005-03-02 03:00:00,1.25,102.67,7.73,E
2005-03-02 06:00:00,1.22,101.04,7.8199997,E
2005-03-02 09:00:00,1.28,98.78,8.179999,E
2005-03-02 12:00:00,1.26,95.79,8.28,E
2005-03-02 15:00:00,1.3399999,92.41,8.71,E
2005-03-02 18:00:00,1.4,90.990005,9.09,E
2005-03-02 21:00:00,1.4,90.97,9.09,E
2005-03-03 00:00:00,1.37,91.490005,8.98,E
2005-03-03 03:00:00,1.36,92.17,8.889999,E
2005-03-03 06:00:00,1.3399999,92.54,8.78,E
2005-03-03 09:00:00,1.3,92.42,8.599999,E
2005-03-03 12:00:00,1.27,91.93,8.49,E
2005-03-03 15:00:00,1.24,91.560005,8.429999,E
2005-03-03 18:00:00,1.2099999,91.3,8.37,E
2005-03-03 21:00:00,1.17,91.270004,8.32,E
2005-03-04 00:00:00,1.15,91.33,8.309999,E
2005-03-04 03:00:00,1.12,91.41,8.309999,E
2005-03-04 06:00:00,1.12,90.200005,8.32,E
2005-03-04 09:00:00,1.11,88.310005,8.349999,E
2005-03-04 12:00:00,1.1,86.520004,8.36,E
2005-03-04 15:00:00,1.09,83.6,8.37,E
2005-03-04 18:00:00,1.0699999,82.020004,8.41,E
2005-03-04 21:00:00,1.05,81.420006,8.53,E
2005-03-05 00:00:00,1.04,79.05,8.82,E
2005-03-05 03:00:00,1.0799999,72.450005,9.139999,E
2005-03-05 06:00:00,1.22,61.96,9.55,NE
2005-03-05 09:00:00,1.3199999,55.260002,9.7699995,NE
2005-03-05 12:00:00,1.38,51.229996,9.809999,NE
2005-03-05 15:00:00,1.4,50.410004,8.25,NE
2005-03-05 18:00:00,1.35,57.75,10.46,NE
2005-03-05 21:00:00,1.3299999,77.85,10.469999,E
2005-03-06 00:00:00,1.66,120.4,8.32,SE
2005-03-06 03:00:00,1.93,133.22,5.95,SE
2005-03-06 06:00:00,2.03,136.07,6.3399997,SE
2005-03-06 09:00:00,1.9399999,133.76001,6.5499997,SE
2005-03-06 12:00:00,1.8299999,128.67,6.64,SE
2005-03-06 15:00:00,1.77,124.78,6.68,SE
2005-03-06 18:00:00,1.75,122.880005,6.66,SE
2005-03-06 21:00:00,1.73,122.59,8.059999,SE
2005-03-07 00:00:00,1.75,121.07,8.12,SE
2005-03-07 03:00:00,1.67,119.94,10.2699995,SE
2005-03-07 06:00:00,1.61,118.96001,10.3,SE
2005-03-07 09:00:00,1.5699999,117.01,10.309999,SE
2005-03-07 12:00:00,1.54,114.37,10.2699995,SE
2005-03-07 15:00:00,1.49,112.32,10.25,E
2005-03-07 18:00:00,1.4399999,111.3,10.389999,E
2005-03-07 21:00:00,1.41,110.71,10.599999,E
2005-03-08 00:00:00,1.38,109.82,10.76,E
2005-03-08 03:00:00,1.36,108.58,10.92,E
2005-03-08 06:00:00,1.37,106.8,11.07,E
2005-03-08 09:00:00,1.42,105.23,11.41,E
2005-03-08 12:00:00,1.38,104.4,11.15,E
2005-03-08 15:00:00,1.3399999,103.990005,11.05,E
2005-03-08 18:00:00,1.29,103.73,11.03,E
2005-03-08 21:00:00,1.28,103.740005,11.099999,E
2005-03-09 00:00:00,1.16,104.73,10.71,E
2005-03-09 03:00:00,1.18,105.58,10.889999,E
2005-03-09 06:00:00,1.29,107.950005,11.4,E
2005-03-09 09:00:00,1.3,111.91,11.19,E
2005-03-09 12:00:00,1.29,112.85,11.23,SE
2005-03-09 15:00:00,1.27,112.76,11.849999,SE
2005-03-09 18:00:00,1.24,111.92,11.889999,E
2005-03-09 21:00:00,1.22,110.520004,11.83,E
2005-03-10 00:00:00,1.15,109.36,11.46,E
2005-03-10 03:00:00,1.11,107.89,11.08,E
2005-03-10 06:00:00,1.1,106.5,10.92,E
2005-03-10 09:00:00,1.1,105.15,10.76,E
2005-03-10 12:00:00,1.11,104.200005,10.62,E
2005-03-10 15:00:00,1.13,103.97,10.59,E
2005-03-10 18:00:00,1.16,104.17,10.71,E
2005-03-10 21:00:00,1.2099999,105.03,10.86,E
2005-03-11 00:00:00,1.26,105.450005,10.86,E
2005-03-11 03:00:00,1.29,104.880005,10.79,E
2005-03-11 06:00:00,1.3299999,104.62,10.69,E
2005-03-11 09:00:00,1.28,104.21,10.139999,E
2005-03-11 12:00:00,1.3199999,103.28,7.44,E
2005-03-11 15:00:00,1.4,102.54,6.0899997,E
2005-03-11 18:00:00,1.48,102.3,6.2799997,E
2005-03-11 21:00:00,1.7199999,102.73,6.94,E
2005-03-12 00:00:00,1.5999999,103.310005,6.7999997,E
2005-03-12 03:00:00,1.5799999,103.560005,7.1,E
2005-03-12 06:00:00,1.62,103.54,9.58,E
2005-03-12 09:00:00,1.61,104.740005,9.82,E
2005-03-12 12:00:00,1.66,104.91,9.67,E
2005-03-12 15:00:00,1.66,103.04,9.389999,E
2005-03-12 18:00:00,1.63,101.33,8.87,E
2005-03-12 21:00:00,1.5899999,99.880005,8.63,E
2005-03-13 00:00:00,1.42,98.950005,8.2,E
2005-03-13 03:00:00,1.38,99.51,8.0199995,E
2005-03-13 06:00:00,1.38,100.01,8.01,E
2005-03-13 09:00:00,1.37,99.630005,8.0,E
2005-03-13 12:00:00,1.37,98.880005,7.93,E
2005-03-13 15:00:00,1.38,98.060005,7.7799997,E
2005-03-13 18:00:00,1.43,96.9,7.5499997,E
2005-03-13 21:00:00,1.4699999,95.880005,7.6299996,E
2005-03-14 00:00:00,1.5,94.9,7.81,E
2005-03-14 03:00:00,1.51,94.68,7.97,E
2005-03-14 06:00:00,1.54,95.950005,8.04,E
2005-03-14 09:00:00,1.54,96.4,8.059999,E
2005-03-14 12:00:00,1.52,96.55,8.04,E
2005-03-14 15:00:00,1.48,96.75,8.01,E
2005-03-14 18:00:00,1.4699999,96.94,8.059999,E
2005-03-14 21:00:00,1.42,96.76,8.09,E
2005-03-15 00:00:00,1.39,96.880005,8.15,E
2005-03-15 03:00:00,1.43,96.310005,8.23,E
2005-03-15 06:00:00,1.49,95.53,8.41,E
2005-03-15 09:00:00,1.55,95.090004,8.62,E
2005-03-15 12:00:00,1.64,94.57,8.91,E
2005-03-15 15:00:00,1.64,93.6,8.96,E
2005-03-15 18:00:00,1.61,93.01,9.03,E
2005-03-15 21:00:00,1.5799999,92.93,9.08,E
2005-03-16 00:00:00,1.49,92.55,8.94,E
2005-03-16 03:00:00,1.43,92.07,8.83,E
2005-03-16 06:00:00,1.36,91.78,8.679999,E
2005-03-16 09:00:00,1.3199999,91.340004,8.58,E
2005-03-16 12:00:00,1.29,90.770004,8.67,E
2005-03-16 15:00:00,1.26,90.090004,8.8,E
2005-03-16 18:00:00,1.23,89.810005,8.91,E
2005-03-16 21:00:00,1.1999999,89.700005,8.92,E
2005-03-17 00:00:00,1.16,89.79,8.929999,E
2005-03-17 03:00:00,1.14,90.22,8.9,E
2005-03-17 06:00:00,1.13,90.72,8.86,E
2005-03-17 09:00:00,1.1,90.72,8.78,E
2005-03-17 12:00:00,1.0699999,90.97,8.73,E
2005-03-17 15:00:00,1.04,91.55,8.67,E
2005-03-17 18:00:00,1.01,92.270004,8.66,E
2005-03-17 21:00:00,0.98999995,93.57,8.69,E
2005-03-18 00:00:00,0.98999995,95.270004,8.849999,E
2005-03-18 03:00:00,1.02,97.21,9.58,E
2005-03-18 06:00:00,1.0799999,99.98,11.62,E
2005-03-18 09:00:00,1.16,106.6,11.46,E
2005-03-18 12:00:00,1.3199999,121.05,10.82,SE
2005-03-18 15:00:00,1.49,131.26001,10.09,SE
2005-03-18 18:00:00,1.76,136.17,9.96,SE
2005-03-18 21:00:00,1.8299999,137.52,10.03,SE
2005-03-19 00:00:00,1.91,137.09,10.2699995,SE
2005-03-19 03:00:00,1.9699999,136.06,10.38,SE
2005-03-19 06:00:00,2.26,138.37,11.04,SE
2005-03-19 09:00:00,2.23,139.29001,10.66,SE
2005-03-19 12:00:00,2.1399999,139.44,10.32,SE
2005-03-19 15:00:00,2.06,140.5,10.11,SE
2005-03-19 18:00:00,1.99,142.17,9.969999,SE
2005-03-19 21:00:00,1.93,143.35,9.94,SE
2005-03-20 00:00:00,1.88,143.59,10.0199995,SE
2005-03-20 03:00:00,1.88,143.5,10.13,SE
2005-03-20 06:00:00,1.9599999,143.2,10.219999,SE
2005-03-20 09:00:00,2.09,145.7,10.13,SE
2005-03-20 12:00:00,2.11,147.70999,9.87,SE
2005-03-20 15:00:00,2.03,149.51,9.71,SE
2005-03-20 18:00:00,1.92,151.19,9.599999,SE
2005-03-20 21:00:00,1.78,151.66,9.4,SE
2005-03-21 00:00:00,1.62,150.53,9.179999,SE
2005-03-21 03:00:00,1.55,150.12,8.98,SE
2005-03-21 06:00:00,1.67,151.99,8.61,SE
2005-03-21 09:00:00,1.8,152.7,8.29,SE
2005-03-21 12:00:00,1.8499999,151.71,8.24,SE
2005-03-21 15:00:00,1.74,149.34,8.38,SE
2005-03-21 18:00:00,1.7099999,146.70999,8.84,SE
2005-03-21 21:00:00,1.55,144.91,8.99,SE
2005-03-22 00:00:00,1.36,141.55,8.71,SE
2005-03-22 03:00:00,1.31,137.22,8.88,SE
2005-03-22 06:00:00,1.17,131.85,8.47,SE
2005-03-22 09:00:00,1.0799999,126.880005,8.2699995,SE
2005-03-22 12:00:00,1.02,124.91,8.22,SE
2005-03-22 15:00:00,0.98999995,125.82,8.28,SE
2005-03-22 18:00:00,0.97999996,127.47,8.42,SE
2005-03-22 21:00:00,0.98999995,129.4,8.63,SE
2005-03-23 00:00:00,1.03,131.18,9.57,SE
2005-03-23 03:00:00,1.09,133.18,10.34,SE
2005-03-23 06:00:00,1.12,136.13,10.809999,SE
2005-03-23 09:00:00,1.25,144.45999,10.98,SE
2005-03-23 12:00:00,1.68,155.14,10.87,SE
2005-03-23 15:00:00,1.8499999,156.06,10.58,SE
2005-03-23 18:00:00,1.74,155.74,9.99,SE
2005-03-23 21:00:00,1.62,156.42,9.389999,SE
2005-03-24 00:00:00,1.51,155.72,8.82,SE
2005-03-24 03:00:00,1.42,153.38,8.87,SE
2005-03-24 06:00:00,1.4399999,150.69,9.059999,SE
2005-03-24 09:00:00,1.52,148.99,9.21,SE
2005-03-24 12:00:00,1.52,148.73,9.29,SE
2005-03-24 15:00:00,1.49,148.46,9.44,SE
2005-03-24 18:00:00,1.5,147.4,9.73,SE
2005-03-24 21:00:00,1.3399999,145.89,9.58,SE
2005-03-25 00:00:00,1.31,144.76001,9.73,SE
2005-03-25 03:00:00,1.22,144.87,9.94,SE
2005-03-25 06:00:00,1.1899999,143.2,10.139999,SE
2005-03-25 09:00:00,1.14,140.81,10.12,SE
2005-03-25 12:00:00,0.94,139.85,9.2699995,SE
2005-03-25 15:00:00,0.96999997,140.52,9.58,SE
2005-03-25 18:00:00,0.97999996,141.24,9.55,SE
2005-03-25 21:00:00,1.05,145.02,9.54,SE
2005-03-26 00:00:00,1.14,147.42,9.78,SE
2005-03-26 03:00:00,1.23,147.79001,10.19,SE
2005-03-26 06:00:00,1.38,150.27,10.54,SE
2005-03-26 09:00:00,1.56,152.46,10.7,SE
2005-03-26 12:00:00,1.5999999,154.21,7.7599998,SE
2005-03-26 15:00:00,1.5799999,157.09,7.8599997,SE
2005-03-26 18:00:00,1.5699999,158.82,7.79,S
2005-03-26 21:00:00,1.49,158.09,7.71,S
2005-03-27 00:00:00,1.4499999,156.24,7.93,SE
2005-03-27 03:00:00,1.3299999,153.92,10.69,SE
2005-03-27 06:00:00,1.29,150.16,10.78,SE
2005-03-27 09:00:00,1.27,147.2,10.809999,SE
2005-03-27 12:00:00,1.2099999,145.41,10.91,SE
2005-03-27 15:00:00,1.1899999,144.74,11.2,SE
2005-03-27 18:00:00,1.14,143.94,11.2699995,SE
2005-03-27 21:00:00,1.09,143.31,11.17,SE
2005-03-28 00:00:00,0.96,142.74,10.74,SE
2005-03-28 03:00:00,0.93,142.3,10.809999,SE
2005-03-28 06:00:00,0.9,141.4,10.83,SE
2005-03-28 09:00:00,0.89,138.82,10.7699995,SE
2005-03-28 12:00:00,0.75,138.63,9.83,SE
2005-03-28 15:00:00,0.84,140.63,9.5,SE
2005-03-28 18:00:00,1.11,148.82,9.87,SE
2005-03-28 21:00:00,1.37,153.89,5.31,SE
2005-03-29 00:00:00,1.49,152.61,6.0,SE
2005-03-29 03:00:00,1.54,149.77,6.41,SE
2005-03-29 06:00:00,1.67,149.14,6.7999997,SE
2005-03-29 09:00:00,1.66,147.33,6.8999996,SE
2005-03-29 12:00:00,1.55,144.38,6.98,SE
2005-03-29 15:00:00,1.4399999,141.64,7.0899997,SE
2005-03-29 18:00:00,1.4,140.31,8.42,SE
2005-03-29 21:00:00,1.37,139.19,8.54,SE
2005-03-30 00:00:00,1.18,138.23,8.22,SE
2005-03-30 03:00:00,1.17,139.07,7.1099997,SE
2005-03-30 06:00:00,1.1999999,141.24,7.17,SE
2005-03-30 09:00:00,1.26,143.31,6.73,SE
2005-03-30 12:00:00,1.31,143.87,5.41,SE
2005-03-30 15:00:00,1.3199999,142.63,5.58,SE
2005-03-30 18:00:00,1.27,140.76001,5.7,SE
2005-03-30 21:00:00,1.23,140.2,7.0499997,SE
2005-03-31 00:00:00,1.23,140.48,7.0499997,SE
2005-03-31 03:00:00,1.26,138.63,6.97,SE
2005-03-31 06:00:00,1.29,136.45999,7.0,SE
2005-03-31 09:00:00,1.3299999,135.82,5.44,SE
2005-03-31 12:00:00,1.29,135.32,5.47,SE
2005-03-31 15:00:00,1.39,134.08,5.83,SE
2005-03-31 18:00:00,1.29,134.48,5.68,SE
2005-03-31 21:00:00,1.31,136.2,7.5499997,SE
2005-04-01 00:00:00,1.3199999,136.7,7.7799997,SE
2005-04-01 03:00:00,1.49,149.39,7.97,SE
2005-04-01 06:00:00,1.37,138.52,10.849999,SE
2005-04-01 09:00:00,1.36,136.26001,10.719999,SE
2005-04-01 12:00:00,1.3399999,134.52,10.63,SE
2005-04-01 15:00:00,1.29,132.47,10.54,SE
2005-04-01 18:00:00,1.25,130.79001,10.42,SE
2005-04-01 21:00:00,1.2099999,129.75,10.2699995,SE
2005-04-02 00:00:00,1.12,128.76001,9.96,SE
2005-04-02 03:00:00,1.09,127.91,9.94,SE
2005-04-02 06:00:00,1.06,127.0,9.88,SE
2005-04-02 09:00:00,1.02,126.14,9.809999,SE
2005-04-02 12:00:00,0.98999995,125.05,9.76,SE
2005-04-02 15:00:00,0.96999997,123.26,9.73,SE
2005-04-02 18:00:00,0.96,120.479996,9.639999,SE
2005-04-02 21:00:00,0.94,117.21001,9.429999,SE
2005-04-03 00:00:00,0.91999996,113.07,9.139999,SE
2005-04-03 03:00:00,0.91999996,108.340004,8.929999,E
2005-04-03 06:00:00,0.90999997,103.69,8.74,E
2005-04-03 09:00:00,0.9,98.810005,8.48,E
2005-04-03 12:00:00,0.88,93.18,8.2,E
2005-04-03 15:00:00,0.87,85.29,7.0,E
2005-04-03 18:00:00,0.87,82.21,7.7799997,E
2005-04-03 21:00:00,0.84999996,81.23,7.7599998,E
2005-04-04 00:00:00,0.83,80.28,7.66,E
2005-04-04 03:00:00,0.82,79.76,7.52,E
2005-04-04 06:00:00,0.87,84.020004,7.39,E
2005-04-04 09:00:00,1.01,96.560005,7.29,E
2005-04-04 12:00:00,1.12,100.26,7.0499997,E
2005-04-04 15:00:00,1.2099999,100.770004,5.7599998,E
2005-04-04 18:00:00,1.3399999,103.92,6.12,E
2005-04-04 21:00:00,1.56,107.69,6.23,E
2005-04-05 00:00:00,1.66,107.51,6.43,E
2005-04-05 03:00:00,1.78,109.58,6.64,E
2005-04-05 06:00:00,1.93,113.590004,6.72,SE
2005-04-05 09:00:00,2.02,113.14,7.25,SE
2005-04-05 12:00:00,2.06,110.48,7.5299997,E
2005-04-05 15:00:00,2.07,107.450005,7.85,E
2005-04-05 18:00:00,2.05,104.15,8.139999,E
2005-04-05 21:00:00,2.04,101.380005,8.36,E
2005-04-06 00:00:00,2.05,98.78,8.599999,E
2005-04-06 03:00:00,2.07,96.89,8.809999,E
2005-04-06 06:00:00,2.09,96.4,8.92,E
2005-04-06 09:00:00,2.08,96.75,9.0,E
2005-04-06 12:00:00,2.1599998,96.51,9.33,E
2005-04-06 15:00:00,2.03,97.46,9.059999,E
2005-04-06 18:00:00,1.99,99.14,8.98,E
2005-04-06 21:00:00,1.9599999,100.630005,8.88,E
2005-04-07 00:00:00,1.9599999,102.9,8.78,E
2005-04-07 03:00:00,1.9699999,105.950005,8.61,E
2005-04-07 06:00:00,1.9599999,108.96,8.4,E
2005-04-07 09:00:00,1.89,108.340004,8.29,E
2005-04-07 12:00:00,1.81,106.020004,8.24,E
2005-04-07 15:00:00,1.76,104.020004,8.23,E
2005-04-07 18:00:00,1.7199999,102.64,8.24,E
2005-04-07 21:00:00,1.73,100.87,8.2699995,E
2005-04-08 00:00:00,2.06,98.130005,8.88,E
2005-04-08 03:00:00,2.02,96.700005,8.639999,E
2005-04-08 06:00:00,1.9399999,97.03,8.36,E
2005-04-08 09:00:00,1.9,98.23,8.23,E
2005-04-08 12:00:00,1.93,98.4,8.17,E
2005-04-08 15:00:00,1.8499999,97.770004,8.05,E
2005-04-08 18:00:00,1.81,98.72,8.0,E
2005-04-08 21:00:00,1.76,100.08,8.0,E
2005-04-09 00:00:00,1.7099999,100.89,8.03,E
2005-04-09 03:00:00,1.67,101.380005,8.059999,E
2005-04-09 06:00:00,1.67,103.73,8.059999,E
2005-04-09 09:00:00,1.67,105.58,8.04,E
2005-04-09 12:00:00,1.64,104.55,7.99,E
2005-04-09 15:00:00,1.61,102.130005,7.99,E
2005-04-09 18:00:00,1.64,99.64,8.01,E
2005-04-09 21:00:00,1.74,98.25,8.08,E
2005-04-10 00:00:00,1.86,97.15,8.25,E
2005-04-10 03:00:00,1.8399999,96.270004,8.36,E
2005-04-10 06:00:00,1.78,96.75,8.44,E
2005-04-10 09:00:00,1.7199999,98.310005,8.44,E
2005-04-10 12:00:00,1.68,99.19,8.389999,E
2005-04-10 15:00:00,1.8499999,98.810005,8.8,E
2005-04-10 18:00:00,1.7199999,98.130005,8.5,E
2005-04-10 21:00:00,1.64,98.270004,8.47,E
2005-04-11 00:00:00,1.5899999,98.57,8.48,E
2005-04-11 03:00:00,1.53,98.6,8.4,E
2005-04-11 06:00:00,1.51,98.98,8.38,E
2005-04-11 09:00:00,1.51,99.700005,8.389999,E
2005-04-11 12:00:00,1.5799999,99.700005,8.7,E
2005-04-11 15:00:00,1.5,99.340004,8.59,E
2005-04-11 18:00:00,1.4599999,99.61,8.54,E
2005-04-11 21:00:00,1.4599999,101.01,8.54,E
2005-04-12 00:00:00,1.53,104.08,8.58,E
2005-04-12 03:00:00,1.5999999,106.17,8.66,E
2005-04-12 06:00:00,1.65,108.14,8.69,E
2005-04-12 09:00:00,1.66,108.72,8.69,E
2005-04-12 12:00:00,1.6899999,108.14,8.59,E
2005-04-12 15:00:00,1.7099999,105.68,8.26,E
2005-04-12 18:00:00,1.66,103.73,8.11,E
2005-04-12 21:00:00,1.61,103.39,8.099999,E
2005-04-13 00:00:00,1.87,104.520004,8.79,E
2005-04-13 03:00:00,1.73,105.65,8.38,E
2005-04-13 06:00:00,1.63,106.94,8.15,E
2005-04-13 09:00:00,1.56,107.22,8.03,E
2005-04-13 12:00:00,1.51,107.130005,7.93,E
2005-04-13 15:00:00,1.5,106.94,7.7,E
2005-04-13 18:00:00,1.5,105.560005,7.52,E
2005-04-13 21:00:00,1.5,103.68,7.5099998,E
2005-04-14 00:00:00,1.48,103.16,7.5499997,E
2005-04-14 03:00:00,1.4699999,104.0,7.66,E
2005-04-14 06:00:00,1.4599999,104.78,7.74,E
2005-04-14 09:00:00,1.41,104.42,7.7999997,E
2005-04-14 12:00:00,1.25,103.93,7.6099997,E
2005-04-14 15:00:00,1.22,104.03,7.72,E
2005-04-14 18:00:00,1.1999999,103.740005,7.94,E
2005-04-14 21:00:00,1.18,103.87,8.3,E
2005-04-15 00:00:00,1.1899999,105.11,8.46,E
2005-04-15 03:00:00,1.2099999,107.41,8.41,E
2005-04-15 06:00:00,1.23,108.85,8.3,E
2005-04-15 09:00:00,1.23,108.93,8.22,E
2005-04-15 12:00:00,1.22,108.4,8.16,E
2005-04-15 15:00:00,1.2099999,107.950005,8.13,E
2005-04-15 18:00:00,1.22,109.020004,8.11,E
2005-04-15 21:00:00,1.24,111.97,8.11,E
2005-04-16 00:00:00,1.22,113.48,11.82,SE
2005-04-16 03:00:00,1.23,113.37,11.88,SE
2005-04-16 06:00:00,1.28,116.09,11.66,SE
2005-04-16 09:00:00,1.3199999,118.16,11.49,SE
2005-04-16 12:00:00,1.37,120.31,11.34,SE
2005-04-16 15:00:00,1.4,121.100006,11.17,SE
2005-04-16 18:00:00,1.39,120.729996,10.98,SE
2005-04-16 21:00:00,1.4399999,122.16,10.96,SE
2005-04-17 00:00:00,1.54,122.78,11.17,SE
2005-04-17 03:00:00,1.61,120.86,11.16,SE
2005-04-17 06:00:00,1.64,118.39,10.91,SE
2005-04-17 09:00:00,1.65,115.74,10.62,SE
2005-04-17 12:00:00,1.5899999,112.4,10.139999,E
2005-04-17 15:00:00,1.53,109.49,9.78,E
2005-04-17 18:00:00,1.48,107.270004,9.469999,E
2005-04-17 21:00:00,1.67,105.43,9.889999,E
2005-04-18 00:00:00,1.6899999,104.5,9.98,E
2005-04-18 03:00:00,1.56,102.67,9.599999,E
2005-04-18 06:00:00,1.51,101.29,9.389999,E
2005-04-18 09:00:00,1.49,99.97,9.28,E
2005-04-18 12:00:00,1.48,98.71,9.23,E
2005-04-18 15:00:00,1.48,97.740005,9.25,E
2005-04-18 18:00:00,1.4699999,97.01,9.33,E
2005-04-18 21:00:00,1.4699999,96.23,9.469999,E
2005-04-19 00:00:00,1.35,95.380005,9.24,E
2005-04-19 03:00:00,1.3299999,95.14,9.21,E
2005-04-19 06:00:00,1.31,94.71,9.23,E
2005-04-19 09:00:00,1.3399999,93.57,9.469999,E
2005-04-19 12:00:00,1.4,92.200005,9.83,E
2005-04-19 15:00:00,1.41,91.590004,9.91,E
2005-04-19 18:00:00,1.4499999,91.44,10.04,E
2005-04-19 21:00:00,1.49,91.25,10.21,E
2005-04-20 00:00:00,1.55,91.810005,10.38,E
2005-04-20 03:00:00,1.65,96.32,10.63,E
2005-04-20 06:00:00,1.8299999,105.65,10.92,E
2005-04-20 09:00:00,2.02,114.26,11.139999,SE
2005-04-20 12:00:00,2.4199998,117.770004,11.96,SE
2005-04-20 15:00:00,2.32,120.5,9.49,SE
2005-04-20 18:00:00,2.33,123.43,9.429999,SE
2005-04-20 21:00:00,2.3899999,126.229996,7.71,SE
2005-04-21 00:00:00,2.28,126.39,7.99,SE
2005-04-21 03:00:00,2.19,126.79,8.11,SE
2005-04-21 06:00:00,2.22,128.65,7.8199997,SE
2005-04-21 09:00:00,2.24,129.64,7.5699997,SE
2005-04-21 12:00:00,2.1499999,126.64,7.66,SE
2005-04-21 15:00:00,2.09,122.33,7.7,SE
2005-04-21 18:00:00,2.04,118.880005,7.66,SE
2005-04-21 21:00:00,1.9699999,116.96001,7.64,SE
2005-04-22 00:00:00,1.91,115.71,7.68,SE
2005-04-22 03:00:00,1.8399999,113.94,7.69,SE
2005-04-22 06:00:00,1.8299999,112.12,7.83,E
2005-04-22 09:00:00,1.8199999,110.590004,7.96,E
2005-04-22 12:00:00,2.1,109.840004,8.639999,E
2005-04-22 15:00:00,1.9599999,107.630005,8.44,E
2005-04-22 18:00:00,1.9,106.73,8.429999,E
2005-04-22 21:00:00,1.86,106.32,8.45,E
2005-04-23 00:00:00,1.8399999,105.130005,8.5199995,E
2005-04-23 03:00:00,1.78,103.32,8.54,E
2005-04-23 06:00:00,1.76,101.8,8.66,E
2005-04-23 09:00:00,1.77,102.1,8.849999,E
2005-04-23 12:00:00,1.76,102.43,9.01,E
2005-04-23 15:00:00,1.73,102.310005,9.05,E
2005-04-23 18:00:00,1.7099999,103.17,9.04,E
2005-04-23 21:00:00,1.7199999,105.39,9.0199995,E
2005-04-24 00:00:00,1.6999999,106.48,9.0199995,E
2005-04-24 03:00:00,1.64,105.78,9.0199995,E
2005-04-24 06:00:00,1.5799999,105.020004,9.0,E
2005-04-24 09:00:00,1.51,103.71,8.97,E
2005-04-24 12:00:00,1.4499999,103.32,8.94,E
2005-04-24 15:00:00,1.39,103.8,8.92,E
2005-04-24 18:00:00,1.3299999,104.630005,8.87,E
2005-04-24 21:00:00,1.29,106.46,8.8,E
2005-04-25 00:00:00,1.23,106.310005,8.72,E
2005-04-25 03:00:00,1.16,104.22,8.54,E
2005-04-25 06:00:00,1.11,103.51,8.44,E
2005-04-25 09:00:00,1.0799999,104.17,8.36,E
2005-04-25 12:00:00,1.06,105.24,8.37,E
2005-04-25 15:00:00,1.03,107.17,8.29,E
2005-04-25 18:00:00,1.01,109.79,8.23,E
2005-04-25 21:00:00,1.01,113.03,8.22,SE
2005-04-26 00:00:00,1.06,116.380005,8.559999,SE
2005-04-26 03:00:00,1.09,119.33,9.21,SE
2005-04-26 06:00:00,1.13,121.100006,9.24,SE
2005-04-26 09:00:00,1.18,121.39,9.04,SE
2005-04-26 12:00:00,1.2099999,119.42,8.679999,SE
2005-04-26 15:00:00,1.23,116.12,8.5,SE
2005-04-26 18:00:00,1.25,112.89,8.42,SE
2005-04-26 21:00:00,1.3,109.950005,8.309999,E
2005-04-27 00:00:00,1.36,105.64,8.13,E
2005-04-27 03:00:00,1.4,101.07,7.94,E
2005-04-27 06:00:00,1.41,98.73,7.79,E
2005-04-27 09:00:00,1.4499999,97.28,7.79,E
2005-04-27 12:00:00,1.4699999,96.64,7.7,E
2005-04-27 15:00:00,1.5,95.32,7.66,E
2005-04-27 18:00:00,1.5,93.57,7.71,E
2005-04-27 21:00:00,1.55,91.85,7.89,E
2005-04-28 00:00:00,1.55,91.55,7.9199996,E
2005-04-28 03:00:00,1.53,89.94,7.7999997,E
2005-04-28 06:00:00,1.49,88.35,7.75,E
2005-04-28 09:00:00,1.43,86.33,7.79,E
2005-04-28 12:00:00,1.39,83.57,7.97,E
2005-04-28 15:00:00,1.31,80.69,8.059999,E
2005-04-28 18:00:00,1.27,78.75,8.19,E
2005-04-28 21:00:00,1.22,77.55,8.29,E
2005-04-29 00:00:00,1.22,76.560005,8.5,E
2005-04-29 03:00:00,1.17,76.490005,8.47,E
2005-04-29 06:00:00,1.12,76.020004,8.48,E
2005-04-29 09:00:00,1.0799999,75.37,8.48,E
2005-04-29 12:00:00,1.03,74.600006,8.429999,E
2005-04-29 15:00:00,0.98999995,73.990005,8.37,E
2005-04-29 18:00:00,0.94,73.840004,8.29,E
2005-04-29 21:00:00,0.9,74.28,8.22,E
2005-04-30 00:00:00,0.85999995,74.76,8.139999,E
2005-04-30 03:00:00,0.77,75.65,7.7999997,E
2005-04-30 06:00:00,0.76,75.520004,7.85,E
2005-04-30 09:00:00,0.84999996,74.51,8.36,E
2005-04-30 12:00:00,0.78999996,75.490005,8.11,E
2005-04-30 15:00:00,0.82,80.89,8.19,E
2005-04-30 18:00:00,0.84,85.920006,9.42,E
2005-04-30 21:00:00,0.84,91.67,9.36,E
2005-05-01 00:00:00,0.84,99.5,9.2699995,E
2005-05-01 03:00:00,0.87,106.39,9.37,E
2005-05-01 06:00:00,0.89,101.18,9.41,E
2005-05-01 09:00:00,0.89,98.96,10.82,E
2005-05-01 12:00:00,0.84,100.9,10.15,E
2005-05-01 15:00:00,0.89,120.16,10.179999,SE
2005-05-01 18:00:00,1.23,151.19,4.5099998,SE
2005-05-01 21:00:00,1.37,153.89,5.5099998,SE
2005-05-02 00:00:00,1.3,153.97,5.72,SE
2005-05-02 03:00:00,1.39,154.7,6.04,SE
2005-05-02 06:00:00,1.51,154.06,6.02,SE
2005-05-02 09:00:00,1.75,152.73,6.18,SE
2005-05-02 12:00:00,2.03,151.56,6.6299996,SE
2005-05-02 15:00:00,2.11,150.04001,6.7799997,SE
2005-05-02 18:00:00,2.1399999,147.5,6.83,SE
2005-05-02 21:00:00,2.07,144.59,6.8599997,SE
2005-05-03 00:00:00,2.08,142.28,6.8199997,SE
2005-05-03 03:00:00,2.3,140.11,7.45,SE
2005-05-03 06:00:00,2.28,138.09,7.81,SE
2005-05-03 09:00:00,2.28,136.16,8.13,SE
2005-05-03 12:00:00,2.1299999,132.52,8.23,SE
2005-05-03 15:00:00,2.08,130.1,8.24,SE
2005-05-03 18:00:00,2.02,127.83,8.15,SE
2005-05-03 21:00:00,1.9799999,125.86,8.09,SE
2005-05-04 00:00:00,2.0,124.100006,8.05,SE
2005-05-04 03:00:00,2.0,121.81,8.04,SE
2005-05-04 06:00:00,2.02,119.729996,8.07,SE
2005-05-04 09:00:00,2.05,117.37,8.19,SE
2005-05-04 12:00:00,2.06,114.61,8.26,SE
2005-05-04 15:00:00,2.1299999,112.15,8.33,E
2005-05-04 18:00:00,2.1399999,110.380005,8.44,E
2005-05-04 21:00:00,2.19,110.86,8.599999,E
2005-05-05 00:00:00,2.23,109.69,8.8,E
2005-05-05 03:00:00,2.21,107.22,8.98,E
2005-05-05 06:00:00,2.2,108.020004,9.07,E
2005-05-05 09:00:00,2.19,110.03,9.099999,E
2005-05-05 12:00:00,2.18,112.060005,9.179999,E
2005-05-05 15:00:00,2.1,112.82,9.25,SE
2005-05-05 18:00:00,2.03,112.53,9.3,SE
2005-05-05 21:00:00,2.02,114.41,9.36,SE
2005-05-06 00:00:00,2.0,115.770004,9.34,SE
2005-05-06 03:00:00,1.92,116.94,9.059999,SE
2005-05-06 06:00:00,1.91,119.17,8.96,SE
2005-05-06 09:00:00,1.8499999,120.14,8.87,SE
2005-05-06 12:00:00,1.79,119.76,8.809999,SE
2005-05-06 15:00:00,1.77,119.37,8.69,SE
2005-05-06 18:00:00,1.78,119.87,8.45,SE
2005-05-06 21:00:00,1.77,122.08,8.33,SE
2005-05-07 00:00:00,1.77,126.66,8.2699995,SE
2005-05-07 03:00:00,1.75,129.59,8.139999,SE
2005-05-07 06:00:00,1.78,133.32,6.2599998,SE
2005-05-07 09:00:00,1.77,136.20999,6.27,SE
2005-05-07 12:00:00,1.6899999,135.34,6.29,SE
2005-05-07 15:00:00,1.61,132.16,6.2999997,SE
2005-05-07 18:00:00,1.8299999,130.26001,6.91,SE
2005-05-07 21:00:00,1.6999999,128.31,6.71,SE
2005-05-08 00:00:00,1.63,128.21,6.6099997,SE
2005-05-08 03:00:00,1.62,128.8,6.47,SE
2005-05-08 06:00:00,1.62,129.51001,6.45,SE
2005-05-08 09:00:00,1.61,129.07,6.49,SE
2005-05-08 12:00:00,1.76,127.37,7.08,SE
2005-05-08 15:00:00,1.7099999,124.380005,7.5899997,SE
2005-05-08 18:00:00,1.67,122.25,7.6099997,SE
2005-05-08 21:00:00,1.65,119.86,7.49,SE
2005-05-09 00:00:00,1.66,117.350006,7.35,SE
2005-05-09 03:00:00,1.54,115.340004,7.1,SE
2005-05-09 06:00:00,1.48,114.43,6.91,SE
2005-05-09 09:00:00,1.41,114.26,6.77,SE
2005-05-09 12:00:00,1.3399999,114.76,8.139999,SE
2005-05-09 15:00:00,1.29,115.4,8.099999,SE
2005-05-09 18:00:00,1.26,115.810005,10.61,SE
2005-05-09 21:00:00,1.22,116.01,10.389999,SE
2005-05-10 00:00:00,1.18,115.83,10.07,SE
2005-05-10 03:00:00,1.15,115.42,9.86,SE
2005-05-10 06:00:00,1.12,114.92,9.78,SE
2005-05-10 09:00:00,1.26,114.32,10.55,SE
2005-05-10 12:00:00,1.15,115.270004,10.03,SE
2005-05-10 15:00:00,1.06,114.61,9.599999,SE
2005-05-10 18:00:00,1.01,113.86,9.179999,SE
2005-05-10 21:00:00,0.98999995,113.24,8.9,SE
2005-05-11 00:00:00,0.95,113.21,8.429999,SE
2005-05-11 03:00:00,0.90999997,113.43,8.07,SE
2005-05-11 06:00:00,0.93,116.17,7.8399997,SE
2005-05-11 09:00:00,0.98999995,119.740005,7.7799997,SE
2005-05-11 12:00:00,1.11,116.83,9.9,SE
2005-05-11 15:00:00,1.11,113.1,9.08,SE
2005-05-11 18:00:00,1.26,107.07,6.08,E
2005-05-11 21:00:00,1.51,95.060005,6.58,E
2005-05-12 00:00:00,1.65,84.15,6.98,E
2005-05-12 03:00:00,1.79,75.380005,7.46,E
2005-05-12 06:00:00,1.77,72.19,7.71,E
2005-05-12 09:00:00,1.74,78.93,7.95,E
2005-05-12 12:00:00,1.79,86.18,8.29,E
2005-05-12 15:00:00,1.91,96.16,8.61,E
2005-05-12 18:00:00,1.92,109.8,8.74,E
2005-05-12 21:00:00,1.89,110.86,8.84,E
2005-05-13 00:00:00,1.89,116.55,8.82,SE
2005-05-13 03:00:00,1.92,126.14,8.7699995,SE
2005-05-13 06:00:00,1.88,132.38,8.8,SE
2005-05-13 09:00:00,1.92,140.2,9.059999,SE
2005-05-13 12:00:00,1.93,147.15,9.59,SE
2005-05-13 15:00:00,1.9,154.01,10.25,SE
2005-05-13 18:00:00,1.9499999,158.73,10.94,S
2005-05-13 21:00:00,2.0,161.56,11.349999,S
2005-05-14 00:00:00,2.07,163.47,11.71,S
2005-05-14 03:00:00,2.19,164.42,11.91,S
2005-05-14 06:00:00,2.1299999,163.1,11.8,S
2005-05-14 09:00:00,2.09,161.86,11.759999,S
2005-05-14 12:00:00,2.12,162.06,11.75,S
2005-05-14 15:00:00,2.02,161.47,11.54,S
2005-05-14 18:00:00,1.88,161.01,11.219999,S
2005-05-14 21:00:00,1.81,161.23,11.0199995,S
2005-05-15 00:00:00,1.8199999,160.47,11.01,S
2005-05-15 03:00:00,1.77,158.54001,10.889999,S
2005-05-15 06:00:00,1.74,156.57,10.83,SE
2005-05-15 09:00:00,1.76,155.93,10.78,SE
2005-05-15 12:00:00,1.8399999,157.14,10.7,SE
2005-05-15 15:00:00,2.31,158.36,11.7,S
2005-05-15 18:00:00,2.02,157.68,10.87,S
2005-05-15 21:00:00,1.93,156.93,10.78,SE
2005-05-16 00:00:00,1.9,156.62,10.719999,SE
2005-05-16 03:00:00,1.9,155.31,10.719999,SE
2005-05-16 06:00:00,1.9599999,154.57,10.7699995,SE
2005-05-16 09:00:00,2.11,155.99,10.8,SE
2005-05-16 12:00:00,2.29,157.47,10.8,SE
2005-05-16 15:00:00,2.29,157.22,10.84,SE
2005-05-16 18:00:00,2.25,155.2,10.88,SE
2005-05-16 21:00:00,2.3,152.62,11.01,SE
2005-05-17 00:00:00,2.3999999,149.09,11.16,SE
2005-05-17 03:00:00,2.61,145.34,11.63,SE
2005-05-17 06:00:00,2.62,144.24,11.59,SE
2005-05-17 09:00:00,2.6799998,145.44,11.41,SE
2005-05-17 12:00:00,2.61,145.11,11.19,SE
2005-05-17 15:00:00,3.1499999,144.03,12.32,SE
2005-05-17 18:00:00,2.77,143.27,11.78,SE
2005-05-17 21:00:00,2.59,142.53,11.389999,SE
2005-05-18 00:00:00,3.08,140.59,12.54,SE
2005-05-18 03:00:00,2.56,139.41,11.57,SE
2005-05-18 06:00:00,2.3999999,138.43,11.21,SE
2005-05-18 09:00:00,2.31,138.02,11.08,SE
2005-05-18 12:00:00,2.34,137.91,11.24,SE
2005-05-18 15:00:00,2.26,136.65,11.37,SE
2005-05-18 18:00:00,2.21,136.29001,11.63,SE
2005-05-18 21:00:00,2.1599998,135.34,11.86,SE
2005-05-19 00:00:00,2.11,134.65,11.96,SE
2005-05-19 03:00:00,2.04,133.72,12.09,SE
2005-05-19 06:00:00,1.9499999,133.21,12.05,SE
2005-05-19 09:00:00,1.88,133.82,11.79,SE
2005-05-19 12:00:00,1.81,135.37,11.5199995,SE
2005-05-19 15:00:00,1.74,136.27,11.2699995,SE
2005-05-19 18:00:00,1.66,137.5,11.059999,SE
2005-05-19 21:00:00,1.61,140.48,10.88,SE
2005-05-20 00:00:00,1.54,140.9,10.7,SE
2005-05-20 03:00:00,1.4599999,142.62,10.46,SE
2005-05-20 06:00:00,1.76,147.72,11.15,SE
2005-05-20 09:00:00,1.7199999,153.18,10.87,SE
2005-05-20 12:00:00,1.77,160.84,10.71,S
2005-05-20 15:00:00,1.9799999,166.14,6.27,S
2005-05-20 18:00:00,1.9499999,165.23,6.62,S
2005-05-20 21:00:00,1.93,162.37,8.19,S
2005-05-21 00:00:00,1.87,159.98,8.25,S
2005-05-21 03:00:00,1.8,157.99,8.2699995,S
2005-05-21 06:00:00,1.74,155.59,8.25,SE
2005-05-21 09:00:00,1.61,152.05,8.22,SE
2005-05-21 12:00:00,1.43,148.77,8.13,SE
2005-05-21 15:00:00,1.29,145.77,8.0,SE
2005-05-21 18:00:00,1.1999999,143.37,7.96,SE
2005-05-21 21:00:00,1.11,141.34,7.8599997,SE
2005-05-22 00:00:00,1.04,139.45999,7.73,SE
2005-05-22 03:00:00,0.98999995,137.56,7.62,SE
2005-05-22 06:00:00,0.96999997,136.24,7.5099998,SE
2005-05-22 09:00:00,0.98999995,136.45,7.3999996,SE
2005-05-22 12:00:00,0.98999995,135.54001,6.74,SE
2005-05-22 15:00:00,0.97999996,134.74,6.68,SE
2005-05-22 18:00:00,1.0,134.85,6.68,SE
2005-05-22 21:00:00,1.01,134.56,6.68,SE
2005-05-23 00:00:00,1.01,133.67,6.69,SE
2005-05-23 03:00:00,0.90999997,132.28,6.54,SE
2005-05-23 06:00:00,0.93,132.3,6.5,SE
2005-05-23 09:00:00,0.91999996,130.69,6.46,SE
2005-05-23 12:00:00,0.9,128.74,6.47,SE
2005-05-23 15:00:00,0.88,127.229996,6.5699997,SE
2005-05-23 18:00:00,0.85999995,126.19,6.67,SE
2005-05-23 21:00:00,0.84999996,125.29,6.74,SE
2005-05-24 00:00:00,0.84,124.28,6.7599998,SE
2005-05-24 03:00:00,0.83,123.14,6.75,SE
2005-05-24 06:00:00,0.81,121.770004,6.71,SE
2005-05-24 09:00:00,0.79999995,120.12,6.6499996,SE
2005-05-24 12:00:00,0.72999996,118.46001,6.39,SE
2005-05-24 15:00:00,0.7,117.729996,6.2599998,SE
2005-05-24 18:00:00,0.65999997,116.92,6.17,SE
2005-05-24 21:00:00,0.64,116.2,6.1,SE
2005-05-25 00:00:00,0.63,116.020004,6.0699997,SE
2005-05-25 03:00:00,0.63,115.200005,8.12,SE
2005-05-25 06:00:00,0.62,114.72,8.16,SE
2005-05-25 09:00:00,0.63,114.35,8.19,SE
2005-05-25 12:00:00,0.63,114.26,8.16,SE
2005-05-25 15:00:00,0.63,114.19,8.139999,SE
2005-05-25 18:00:00,0.63,115.44,8.16,SE
2005-05-25 21:00:00,0.75,137.33,8.23,SE
2005-05-26 00:00:00,1.25,162.13,5.41,S
2005-05-26 03:00:00,1.4699999,158.52,6.3599997,S
2005-05-26 06:00:00,1.62,156.62,6.8599997,SE
2005-05-26 09:00:00,1.73,155.0,8.809999,SE
2005-05-26 12:00:00,1.7099999,152.49,9.969999,SE
2005-05-26 15:00:00,1.64,149.83,10.309999,SE
2005-05-26 18:00:00,1.54,147.9,10.49,SE
2005-05-26 21:00:00,1.4599999,146.66,10.559999,SE
2005-05-27 00:00:00,1.4,145.81,10.66,SE
2005-05-27 03:00:00,1.37,145.70999,10.82,SE
2005-05-27 06:00:00,1.3199999,144.98,10.94,SE
2005-05-27 09:00:00,1.28,144.94,10.98,SE
2005-05-27 12:00:00,1.43,146.17,11.8,SE
2005-05-27 15:00:00,1.25,146.34,11.0199995,SE
2005-05-27 18:00:00,1.1,147.20999,10.5199995,SE
2005-05-27 21:00:00,1.0,147.92,9.96,SE
2005-05-28 00:00:00,0.95,147.65,9.719999,SE
2005-05-28 03:00:00,0.91999996,147.63,9.58,SE
2005-05-28 06:00:00,0.91999996,147.99,9.54,SE
2005-05-28 09:00:00,0.94,149.81,9.69,SE
2005-05-28 12:00:00,1.0,154.4,9.9,SE
2005-05-28 15:00:00,1.05,159.57,10.23,S
2005-05-28 18:00:00,1.14,161.73,10.71,S
2005-05-28 21:00:00,1.2099999,160.24,14.48,S
2005-05-29 00:00:00,1.25,158.03,14.71,S
2005-05-29 03:00:00,1.35,156.41,14.74,SE
2005-05-29 06:00:00,1.49,155.61,14.53,SE
2005-05-29 09:00:00,1.74,157.2,14.219999,SE
2005-05-29 12:00:00,1.86,157.27,14.009999,SE
2005-05-29 15:00:00,1.9699999,156.02,13.62,SE
2005-05-29 18:00:00,1.9599999,154.82,13.219999,SE
2005-05-29 21:00:00,1.99,154.32,13.11,SE
2005-05-30 00:00:00,2.0,153.05,13.179999,SE
2005-05-30 03:00:00,2.2,151.54001,13.99,SE
2005-05-30 06:00:00,1.9699999,150.58,13.2,SE
2005-05-30 09:00:00,1.88,149.75,13.04,SE
2005-05-30 12:00:00,1.8199999,148.64,12.84,SE
2005-05-30 15:00:00,1.79,147.44,12.679999,SE
2005-05-30 18:00:00,1.6999999,146.87,12.73,SE
2005-05-30 21:00:00,1.62,146.09,12.74,SE
2005-05-31 00:00:00,1.62,144.75,12.63,SE
2005-05-31 03:00:00,1.48,142.97,12.08,SE
2005-05-31 06:00:00,1.36,141.58,11.7,SE
2005-05-31 09:00:00,1.28,140.14,11.559999,SE
2005-05-31 12:00:00,1.2099999,139.28,11.309999,SE
2005-05-31 15:00:00,1.3399999,145.48,11.03,SE
2005-05-31 18:00:00,1.68,153.04001,6.0,SE
2005-05-31 21:00:00,1.73,153.62,6.6299996,SE
2005-06-01 00:00:00,1.6899999,152.2,8.3,SE
2005-06-01 03:00:00,1.54,146.29001,9.66,SE
2005-06-01 06:00:00,1.63,148.65,10.26,SE
2005-06-01 09:00:00,1.66,149.62,10.63,SE
2005-06-01 12:00:00,1.63,149.32,10.74,SE
2005-06-01 15:00:00,1.93,147.87,11.86,SE
2005-06-01 18:00:00,1.63,145.47,10.889999,SE
2005-06-01 21:00:00,1.54,143.81,10.61,SE
2005-06-02 00:00:00,1.51,142.95999,10.3,SE
2005-06-02 03:00:00,1.48,141.68,10.05,SE
2005-06-02 06:00:00,1.42,140.03,9.82,SE
2005-06-02 09:00:00,1.3399999,138.49,9.66,SE
2005-06-02 12:00:00,1.28,136.6,9.5199995,SE
2005-06-02 15:00:00,1.26,134.45,9.559999,SE
2005-06-02 18:00:00,1.24,133.73,9.79,SE
2005-06-02 21:00:00,1.23,135.02,10.09,SE
2005-06-03 00:00:00,1.25,137.14,10.599999,SE
2005-06-03 03:00:00,1.27,138.61,11.13,SE
2005-06-03 06:00:00,1.24,138.3,11.23,SE
2005-06-03 09:00:00,1.23,138.31,11.49,SE
2005-06-03 12:00:00,1.1999999,138.02,12.46,SE
2005-06-03 15:00:00,1.1999999,138.12,12.95,SE
2005-06-03 18:00:00,1.23,138.76001,13.63,SE
2005-06-03 21:00:00,1.27,139.36,13.73,SE
2005-06-04 00:00:00,1.28,139.55,13.509999,SE
2005-06-04 03:00:00,1.27,139.3,13.299999,SE
2005-06-04 06:00:00,1.25,138.59,13.19,SE
2005-06-04 09:00:00,1.22,137.55,13.11,SE
2005-06-04 12:00:00,1.1899999,136.45,12.99,SE
2005-06-04 15:00:00,1.16,135.46,12.84,SE
2005-06-04 18:00:00,1.14,136.09,12.799999,SE
2005-06-04 21:00:00,1.12,135.52,12.309999,SE
2005-06-05 00:00:00,1.0799999,134.45,11.58,SE
2005-06-05 03:00:00,1.05,133.63,11.24,SE
2005-06-05 06:00:00,1.02,132.75,10.99,SE
2005-06-05 09:00:00,0.98999995,131.96,10.809999,SE
2005-06-05 12:00:00,0.97999996,130.83,10.73,SE
2005-06-05 15:00:00,0.96,129.51001,10.74,SE
2005-06-05 18:00:00,0.95,128.6,10.7699995,SE
2005-06-05 21:00:00,0.93,128.42,10.7699995,SE
2005-06-06 00:00:00,0.96,129.6,10.82,SE
2005-06-06 03:00:00,0.96999997,129.38,10.74,SE
2005-06-06 06:00:00,0.95,128.99,10.51,SE
2005-06-06 09:00:00,0.93,128.88,10.09,SE
2005-06-06 12:00:00,1.0799999,128.03,10.71,SE
2005-06-06 15:00:00,1.05,126.9,10.66,SE
2005-06-06 18:00:00,0.98999995,126.100006,10.099999,SE
2005-06-06 21:00:00,0.97999996,126.8,9.719999,SE
2005-06-07 00:00:00,0.96,124.86,7.0099998,SE
2005-06-07 03:00:00,0.96,120.22,6.94,SE
2005-06-07 06:00:00,0.96,116.7,7.19,SE
2005-06-07 09:00:00,0.96999997,114.39,7.68,SE
2005-06-07 12:00:00,0.98999995,111.26,5.5699997,E
2005-06-07 15:00:00,1.01,106.53,5.58,E
2005-06-07 18:00:00,1.04,103.590004,5.7,E
2005-06-07 21:00:00,1.06,103.68,5.8199997,E
2005-06-08 00:00:00,1.06,103.39,5.94,E
2005-06-08 03:00:00,1.06,101.19,6.0699997,E
2005-06-08 06:00:00,1.0799999,99.060005,6.23,E
2005-06-08 09:00:00,1.13,98.6,6.3799996,E
2005-06-08 12:00:00,1.17,98.11,6.41,E
2005-06-08 15:00:00,1.17,97.740005,6.3999996,E
2005-06-08 18:00:00,1.18,98.380005,6.3599997,E
2005-06-08 21:00:00,1.18,99.12,6.37,E
2005-06-09 00:00:00,1.18,100.21,6.44,E
2005-06-09 03:00:00,1.39,99.880005,7.14,E
2005-06-09 06:00:00,1.25,98.590004,7.0499997,E
2005-06-09 09:00:00,1.1999999,96.990005,7.3799996,E
2005-06-09 12:00:00,1.23,94.87,7.99,E
2005-06-09 15:00:00,1.23,93.72,8.19,E
2005-06-09 18:00:00,1.2099999,92.8,8.12,E
2005-06-09 21:00:00,1.1899999,91.28,8.08,E
2005-06-10 00:00:00,1.17,89.670006,8.09,E
2005-06-10 03:00:00,1.15,88.66,8.04,E
2005-06-10 06:00:00,1.14,88.18,7.94,E
2005-06-10 09:00:00,1.12,88.14,7.81,E
2005-06-10 12:00:00,1.11,88.310005,7.7,E
2005-06-10 15:00:00,1.09,88.560005,7.62,E
2005-06-10 18:00:00,1.0699999,88.96,7.58,E
2005-06-10 21:00:00,1.05,89.07,7.6099997,E
2005-06-11 00:00:00,1.04,88.450005,7.74,E
2005-06-11 03:00:00,1.04,87.41,7.95,E
2005-06-11 06:00:00,1.04,86.41,8.11,E
2005-06-11 09:00:00,1.06,85.64,8.19,E
2005-06-11 12:00:00,1.0799999,84.86,8.25,E
2005-06-11 15:00:00,1.11,84.020004,8.32,E
2005-06-11 18:00:00,1.14,83.62,8.429999,E
2005-06-11 21:00:00,1.17,83.8,8.679999,E
2005-06-12 00:00:00,1.26,83.740005,9.24,E
2005-06-12 03:00:00,1.3199999,84.05,9.91,E
2005-06-12 06:00:00,1.3399999,84.72,10.23,E
2005-06-12 09:00:00,1.37,85.170006,10.34,E
2005-06-12 12:00:00,1.4,85.22,10.44,E
2005-06-12 15:00:00,1.4599999,85.23,10.71,E
2005-06-12 18:00:00,1.54,85.240005,11.3,E
2005-06-12 21:00:00,1.64,85.61,12.0199995,E
2005-06-13 00:00:00,1.76,85.87,12.54,E
2005-06-13 03:00:00,1.8399999,86.1,12.82,E
2005-06-13 06:00:00,1.91,86.51,12.96,E
2005-06-13 09:00:00,1.9499999,86.96,13.049999,E
2005-06-13 12:00:00,1.9399999,86.96,12.969999,E
2005-06-13 15:00:00,1.93,85.990005,12.95,E
2005-06-13 18:00:00,1.9499999,84.270004,13.049999,E
2005-06-13 21:00:00,1.99,83.090004,13.2699995,E
2005-06-14 00:00:00,2.07,82.020004,13.549999,E
2005-06-14 03:00:00,2.12,81.46,13.719999,E
2005-06-14 06:00:00,2.1299999,81.47,13.759999,E
2005-06-14 09:00:00,2.09,81.37,13.679999,E
2005-06-14 12:00:00,2.02,81.54,13.53,E
2005-06-14 15:00:00,1.9399999,81.73,13.349999,E
2005-06-14 18:00:00,1.8399999,82.78,13.24,E
2005-06-14 21:00:00,1.74,85.51,13.219999,E
2005-06-15 00:00:00,1.6999999,87.61,13.23,E
2005-06-15 03:00:00,1.66,89.090004,13.2699995,E
2005-06-15 06:00:00,1.5899999,90.880005,13.2699995,E
2005-06-15 09:00:00,1.5699999,92.42,13.259999,E
2005-06-15 12:00:00,1.63,93.48,13.469999,E
2005-06-15 15:00:00,1.53,95.03,13.2,E
2005-06-15 18:00:00,1.49,97.880005,13.04,E
2005-06-15 21:00:00,1.53,106.15,12.94,E
2005-06-16 00:00:00,1.5699999,110.89,12.94,E
2005-06-16 03:00:00,1.55,109.75,13.099999,E
2005-06-16 06:00:00,1.53,107.55,13.21,E
2005-06-16 09:00:00,1.7199999,105.99,13.929999,E
2005-06-16 12:00:00,1.64,106.08,13.559999,E
2005-06-16 15:00:00,1.5999999,105.6,13.53,E
2005-06-16 18:00:00,1.5899999,106.12,13.54,E
2005-06-16 21:00:00,1.61,105.97,13.66,E
2005-06-17 00:00:00,1.67,105.8,14.13,E
2005-06-17 03:00:00,1.73,105.700005,14.759999,E
2005-06-17 06:00:00,1.75,105.73,16.529999,E
2005-06-17 09:00:00,1.7199999,105.840004,16.16,E
2005-06-17 12:00:00,1.6899999,105.94,15.86,E
2005-06-17 15:00:00,1.64,106.11,14.46,E
2005-06-17 18:00:00,1.5999999,106.26,14.34,E
2005-06-17 21:00:00,1.54,106.41,14.13,E
2005-06-18 00:00:00,1.48,106.560005,13.929999,E
2005-06-18 03:00:00,1.42,106.65,13.7699995,E
2005-06-18 06:00:00,1.36,106.86,13.62,E
2005-06-18 09:00:00,1.31,106.880005,13.5,E
2005-06-18 12:00:00,1.27,106.79,13.389999,E
2005-06-18 15:00:00,1.24,105.75,13.299999,E
2005-06-18 18:00:00,1.29,104.340004,13.46,E
2005-06-18 21:00:00,1.2099999,100.94,13.04,E
2005-06-19 00:00:00,1.31,96.590004,13.2699995,E
2005-06-19 03:00:00,1.1899999,94.64,12.95,E
2005-06-19 06:00:00,1.3199999,64.22,12.9,NE
2005-06-19 09:00:00,1.79,28.90001,10.559999,NE
2005-06-19 12:00:00,1.78,24.070007,6.33,NE
2005-06-19 15:00:00,1.55,29.770004,10.429999,NE
2005-06-19 18:00:00,1.38,30.720001,10.36,NE
2005-06-19 21:00:00,1.3,24.740005,10.24,NE
2005-06-20 00:00:00,1.1999999,22.169998,10.179999,N
2005-06-20 03:00:00,1.11,21.339996,10.12,N
2005-06-20 06:00:00,1.02,11.100006,9.469999,N
2005-06-20 09:00:00,1.17,356.08002,6.04,N
2005-06-20 12:00:00,1.17,356.3,6.16,N
2005-06-20 15:00:00,1.16,355.22,6.2999997,N
2005-06-20 18:00:00,1.1,353.8,6.35,N
2005-06-20 21:00:00,0.96,357.3,6.42,N
2005-06-21 00:00:00,0.9,340.44,9.91,N
2005-06-21 03:00:00,0.93,316.09,8.97,NW
2005-06-21 06:00:00,0.91999996,307.26,4.15,NW
2005-06-21 09:00:00,0.83,305.78,8.7699995,NW
2005-06-21 12:00:00,0.71999997,309.96,8.639999,NW
2005-06-21 15:00:00,0.62,331.41998,8.59,NW
2005-06-21 18:00:00,0.59,359.91998,12.03,N
2005-06-21 21:00:00,0.62,340.07,9.16,N
2005-06-22 00:00:00,0.62,322.75,9.19,NW
2005-06-22 03:00:00,0.65999997,308.34998,9.179999,NW
2005-06-22 06:00:00,0.74,305.56,3.72,NW
2005-06-22 09:00:00,0.76,304.8,9.42,NW
2005-06-22 12:00:00,0.74,308.37,9.44,NW
2005-06-22 15:00:00,0.72999996,312.78998,9.19,NW
2005-06-22 18:00:00,0.75,311.3,4.0099998,NW
2005-06-22 21:00:00,0.76,306.59,4.02,NW
2005-06-23 00:00:00,0.78999996,302.65,4.0099998,NW
2005-06-23 03:00:00,0.98999995,294.28,4.24,NW
2005-06-23 06:00:00,1.1,282.97998,4.62,W
2005-06-23 09:00:00,1.01,270.21,4.58,W
2005-06-23 12:00:00,0.84999996,255.95999,4.33,W
2005-06-23 15:00:00,0.72999996,236.70999,4.0899997,SW
2005-06-23 18:00:00,0.65,212.67,3.97,SW
2005-06-23 21:00:00,0.59999996,189.43,8.24,S
2005-06-24 00:00:00,0.58,172.14,10.59,S
2005-06-24 03:00:00,0.59,162.75,6.14,S
2005-06-24 06:00:00,0.62,159.0,6.46,S
2005-06-24 09:00:00,0.7,159.96,6.6099997,S
2005-06-24 12:00:00,1.02,169.6,6.3199997,S
2005-06-24 15:00:00,1.29,169.45,6.23,S
2005-06-24 18:00:00,1.3299999,165.55,5.72,S
2005-06-24 21:00:00,1.56,161.97,6.1,S
2005-06-25 00:00:00,1.5899999,158.08,7.43,S
2005-06-25 03:00:00,1.65,153.13,9.86,SE
2005-06-25 06:00:00,1.73,149.59,10.08,SE
2005-06-25 09:00:00,1.78,147.2,10.13,SE
2005-06-25 12:00:00,1.78,144.91,10.15,SE
2005-06-25 15:00:00,1.7199999,142.24,10.03,SE
2005-06-25 18:00:00,1.68,139.13,9.91,SE
2005-06-25 21:00:00,1.65,136.39,9.7699995,SE
2005-06-26 00:00:00,1.64,135.12,9.7,SE
2005-06-26 03:00:00,1.61,133.35,9.599999,SE
2005-06-26 06:00:00,1.52,131.84,9.11,SE
2005-06-26 09:00:00,1.7099999,131.19,9.54,SE
2005-06-26 12:00:00,1.61,129.42,9.5,SE
2005-06-26 15:00:00,1.56,127.43,9.41,SE
2005-06-26 18:00:00,1.55,125.66,9.429999,SE
2005-06-26 21:00:00,1.5699999,123.05,9.139999,SE
2005-06-27 00:00:00,1.61,119.87,8.58,SE
2005-06-27 03:00:00,1.66,117.01,7.72,SE
2005-06-27 06:00:00,1.73,114.94,7.48,SE
2005-06-27 09:00:00,1.8499999,113.53,6.87,SE
2005-06-27 12:00:00,1.8399999,113.71,6.6099997,SE
2005-06-27 15:00:00,1.76,113.42,6.6299996,SE
2005-06-27 18:00:00,1.7199999,109.4,6.6,E
2005-06-27 21:00:00,1.75,102.3,6.62,E
2005-06-28 00:00:00,1.8299999,95.42,6.7799997,E
2005-06-28 03:00:00,1.89,91.9,7.1299996,E
2005-06-28 06:00:00,2.04,86.97,7.3799996,E
2005-06-28 09:00:00,2.1499999,83.61,7.5899997,E
2005-06-28 12:00:00,2.45,82.5,8.12,E
2005-06-28 15:00:00,2.56,80.53,8.24,E
2005-06-28 18:00:00,2.6599998,77.55,8.28,E
2005-06-28 21:00:00,3.1699998,73.22,8.86,E
2005-06-29 00:00:00,2.8,72.47,8.74,E
2005-06-29 03:00:00,2.59,72.22,8.559999,E
2005-06-29 06:00:00,2.5,71.75,8.44,E
2005-06-29 09:00:00,2.56,70.79,8.46,E
2005-06-29 12:00:00,2.6499999,68.32,8.34,E
2005-06-29 15:00:00,3.28,61.520004,8.63,NE
2005-06-29 18:00:00,3.85,59.740005,9.15,NE
2005-06-29 21:00:00,3.81,59.270004,9.73,NE
2005-06-30 00:00:00,3.6899998,60.050003,9.96,NE
2005-06-30 03:00:00,3.35,62.490005,9.929999,NE
2005-06-30 06:00:00,2.9199998,66.33,9.82,NE
2005-06-30 09:00:00,2.62,69.37,9.75,E
2005-06-30 12:00:00,2.4299998,69.08,9.69,E
2005-06-30 15:00:00,2.32,66.270004,9.599999,NE
2005-06-30 18:00:00,2.19,67.0,9.42,NE
2005-06-30 21:00:00,2.06,69.72,9.34,E
2005-07-01 00:00:00,1.9799999,71.700005,9.29,E
2005-07-01 03:00:00,1.88,74.86,9.25,E
2005-07-01 06:00:00,1.8299999,74.04,9.2,E
2005-07-01 09:00:00,1.79,74.380005,9.17,E
2005-07-01 12:00:00,2.03,75.450005,9.929999,E
2005-07-01 15:00:00,1.9,77.51,9.8,E
2005-07-01 18:00:00,1.8,78.62,9.7,E
2005-07-01 21:00:00,1.81,79.43,9.84,E
2005-07-02 00:00:00,1.75,79.420006,9.96,E
2005-07-02 03:00:00,1.7099999,78.89,10.05,E
2005-07-02 06:00:00,1.65,78.12,9.99,E
2005-07-02 09:00:00,1.5799999,77.65,9.82,E
2005-07-02 12:00:00,1.49,77.670006,9.599999,E
2005-07-02 15:00:00,1.42,79.04,9.349999,E
2005-07-02 18:00:00,1.39,84.990005,9.3,E
2005-07-02 21:00:00,1.37,95.22,9.3,E
2005-07-03 00:00:00,1.4,105.23,9.36,E
2005-07-03 03:00:00,1.42,109.53,9.38,E
2005-07-03 06:00:00,1.53,118.81,9.36,SE
2005-07-03 09:00:00,1.6999999,128.89,9.139999,SE
2005-07-03 12:00:00,1.88,136.05,8.19,SE
2005-07-03 15:00:00,2.0,138.8,8.19,SE
2005-07-03 18:00:00,1.9499999,138.98,8.28,SE
2005-07-03 21:00:00,1.86,137.51001,8.3,SE
2005-07-04 00:00:00,1.74,133.6,8.28,SE
2005-07-04 03:00:00,1.65,130.21,8.22,SE
2005-07-04 06:00:00,1.64,130.95,8.12,SE
2005-07-04 09:00:00,1.64,132.08,6.7999997,SE
2005-07-04 12:00:00,1.62,130.97,6.8199997,SE
2005-07-04 15:00:00,1.55,129.21,7.71,SE
2005-07-04 18:00:00,1.48,128.0,7.74,SE
2005-07-04 21:00:00,1.43,126.97,7.7999997,SE
2005-07-05 00:00:00,1.37,125.100006,7.87,SE
2005-07-05 03:00:00,1.3299999,123.9,7.91,SE
2005-07-05 06:00:00,1.3299999,124.8,7.95,SE
2005-07-05 09:00:00,1.35,126.3,8.059999,SE
2005-07-05 12:00:00,1.37,126.630005,8.389999,SE
2005-07-05 15:00:00,1.4,125.95,9.44,SE
2005-07-05 18:00:00,1.67,125.61,10.76,SE
2005-07-05 21:00:00,1.51,125.84,10.309999,SE
2005-07-06 00:00:00,1.43,126.0,10.23,SE
2005-07-06 03:00:00,1.38,126.0,10.13,SE
2005-07-06 06:00:00,1.43,126.03,10.309999,SE
2005-07-06 09:00:00,1.39,126.62,10.24,SE
2005-07-06 12:00:00,1.31,126.37,9.94,SE
2005-07-06 15:00:00,1.24,125.979996,9.73,SE
2005-07-06 18:00:00,1.18,125.79,9.55,SE
2005-07-06 21:00:00,1.12,125.57,9.309999,SE
2005-07-07 00:00:00,1.05,125.03,9.12,SE
2005-07-07 03:00:00,1.0,124.53,8.96,SE
2005-07-07 06:00:00,0.91999996,123.72,8.73,SE
2005-07-07 09:00:00,0.85999995,122.31,8.429999,SE
2005-07-07 12:00:00,0.82,120.81,8.309999,SE
2005-07-07 15:00:00,0.78999996,119.18,8.22,SE
2005-07-07 18:00:00,0.76,117.72,8.21,SE
2005-07-07 21:00:00,0.75,117.28,8.24,SE
2005-07-08 00:00:00,0.74,116.44,8.25,SE
2005-07-08 03:00:00,0.75,113.880005,8.28,SE
2005-07-08 06:00:00,0.78,107.78,8.389999,E
2005-07-08 09:00:00,0.78,106.25,8.5,E
2005-07-08 12:00:00,0.82,101.08,11.73,E
2005-07-08 15:00:00,0.88,91.770004,16.08,E
2005-07-08 18:00:00,0.90999997,81.420006,15.349999,E
2005-07-08 21:00:00,0.90999997,73.16,13.87,E
2005-07-09 00:00:00,0.96,79.47,13.91,E
2005-07-09 03:00:00,1.02,74.740005,13.75,E
2005-07-09 06:00:00,1.1,65.490005,13.61,NE
2005-07-09 09:00:00,1.11,62.61,13.259999,NE
2005-07-09 12:00:00,1.09,64.270004,12.969999,NE
2005-07-09 15:00:00,1.0799999,71.490005,12.74,E
2005-07-09 18:00:00,1.14,125.25,12.4,SE
2005-07-09 21:00:00,1.3,268.58002,9.29,W
2005-07-10 00:00:00,1.35,269.06,9.34,W
2005-07-10 03:00:00,1.22,265.22998,9.2699995,W
2005-07-10 06:00:00,0.98999995,242.45,8.44,SW
2005-07-10 09:00:00,0.96,211.35,8.47,SW
2005-07-10 12:00:00,1.11,185.74,10.76,S
2005-07-10 15:00:00,1.52,172.23,11.44,S
2005-07-10 18:00:00,2.0,168.69,12.559999,S
2005-07-10 21:00:00,2.54,167.52,12.969999,S
2005-07-11 00:00:00,2.9399998,165.35,13.219999,S
2005-07-11 03:00:00,3.1,162.69,13.09,S
2005-07-11 06:00:00,3.1799998,161.12,13.04,S
2005-07-11 09:00:00,3.09,158.06,12.98,S
2005-07-11 12:00:00,2.95,153.3,12.99,SE
2005-07-11 15:00:00,2.77,149.32,12.91,SE
2005-07-11 18:00:00,2.56,146.06,12.4,SE
2005-07-11 21:00:00,2.4199998,142.88,12.15,SE
2005-07-12 00:00:00,2.23,139.8,11.63,SE
2005-07-12 03:00:00,2.06,136.93,11.19,SE
2005-07-12 06:00:00,1.9699999,134.7,11.179999,SE
2005-07-12 09:00:00,1.87,133.39,11.23,SE
2005-07-12 12:00:00,1.79,132.21,11.24,SE
2005-07-12 15:00:00,1.7099999,131.36,11.25,SE
2005-07-12 18:00:00,1.62,130.9,11.15,SE
2005-07-12 21:00:00,1.52,130.71,10.91,SE
2005-07-13 00:00:00,1.4399999,130.78,10.71,SE
2005-07-13 03:00:00,1.37,129.14,10.59,SE
2005-07-13 06:00:00,1.29,127.82,10.53,SE
2005-07-13 09:00:00,1.17,126.08,10.34,SE
2005-07-13 12:00:00,1.11,123.7,10.37,SE
2005-07-13 15:00:00,1.0699999,120.229996,10.45,SE
2005-07-13 18:00:00,1.04,118.03,10.63,SE
2005-07-13 21:00:00,0.97999996,118.520004,10.679999,SE
2005-07-14 00:00:00,0.91999996,121.32,10.599999,SE
2005-07-14 03:00:00,0.84999996,124.06,10.62,SE
2005-07-14 06:00:00,0.78999996,125.79,10.7699995,SE
2005-07-14 09:00:00,0.76,127.96001,10.91,SE
2005-07-14 12:00:00,0.79999995,133.91,11.37,SE
2005-07-14 15:00:00,0.76,131.84,11.53,SE
2005-07-14 18:00:00,0.72999996,130.94,11.36,SE
2005-07-14 21:00:00,0.7,131.79001,11.09,SE
2005-07-15 00:00:00,0.68,133.45,11.01,SE
2005-07-15 03:00:00,0.65999997,135.1,11.08,SE
2005-07-15 06:00:00,0.72999996,140.34,13.0,SE
2005-07-15 09:00:00,0.84,175.09,13.36,S
2005-07-15 12:00:00,0.87,224.75,13.509999,SW
2005-07-15 15:00:00,0.79999995,184.35,13.509999,S
2005-07-15 18:00:00,0.71,161.86,13.34,S
2005-07-15 21:00:00,0.66999996,158.43,13.16,S
2005-07-16 00:00:00,0.65999997,158.83,13.009999,S
2005-07-16 03:00:00,0.79999995,158.94,13.78,S
2005-07-16 06:00:00,0.78999996,158.52,13.12,S
2005-07-16 09:00:00,0.78999996,157.9,12.219999,S
2005-07-16 12:00:00,0.88,168.63,11.099999,S
2005-07-16 15:00:00,0.9,172.85,10.71,S
2005-07-16 18:00:00,0.90999997,172.67,10.41,S
2005-07-16 21:00:00,0.91999996,170.46,10.13,S
2005-07-17 00:00:00,0.90999997,166.13,12.41,S
2005-07-17 03:00:00,0.88,162.09,12.19,S
2005-07-17 06:00:00,0.84999996,159.4,13.75,S
2005-07-17 09:00:00,0.83,157.4,13.5,SE
2005-07-17 12:00:00,0.9,156.03,13.58,SE
2005-07-17 15:00:00,0.89,154.81,12.98,SE
2005-07-17 18:00:00,0.89,153.97,11.66,SE
2005-07-17 21:00:00,0.91999996,153.73,10.889999,SE
2005-07-18 00:00:00,1.05,156.3,10.7699995,SE
2005-07-18 03:00:00,1.15,156.06,10.96,SE
2005-07-18 06:00:00,1.28,154.66,11.349999,SE
2005-07-18 09:00:00,1.35,154.36,11.5199995,SE
2005-07-18 12:00:00,1.36,154.34,11.349999,SE
2005-07-18 15:00:00,1.36,153.54001,11.16,SE
2005-07-18 18:00:00,1.5999999,152.77,11.75,SE
2005-07-18 21:00:00,1.52,154.73,10.969999,SE
2005-07-19 00:00:00,1.53,157.1,10.74,SE
2005-07-19 03:00:00,1.7099999,156.23,7.91,SE
2005-07-19 06:00:00,1.92,154.67,7.93,SE
2005-07-19 09:00:00,1.92,153.72,7.95,SE
2005-07-19 12:00:00,1.93,150.97,7.94,SE
2005-07-19 15:00:00,2.03,148.34,7.98,SE
2005-07-19 18:00:00,2.25,148.22,8.099999,SE
2005-07-19 21:00:00,2.22,146.76001,8.01,SE
2005-07-20 00:00:00,2.25,144.8,6.96,SE
2005-07-20 03:00:00,2.35,143.47,6.93,SE
2005-07-20 06:00:00,2.4099998,143.83,6.98,SE
2005-07-20 09:00:00,2.46,144.19,7.8399997,SE
2005-07-20 12:00:00,2.77,142.22,8.54,SE
2005-07-20 15:00:00,2.62,140.54001,8.51,SE
2005-07-20 18:00:00,2.57,138.94,8.46,SE
2005-07-20 21:00:00,2.57,138.05,8.21,SE
2005-07-21 00:00:00,2.47,135.99,8.25,SE
2005-07-21 03:00:00,2.26,133.16,8.28,SE
2005-07-21 06:00:00,2.11,131.93,8.24,SE
2005-07-21 09:00:00,2.03,131.58,8.04,SE
2005-07-21 12:00:00,1.9799999,129.26001,7.81,SE
2005-07-21 15:00:00,1.91,125.2,7.73,SE
2005-07-21 18:00:00,1.8299999,121.43,7.5899997,SE
2005-07-21 21:00:00,1.8399999,119.28,7.5099998,SE
2005-07-22 00:00:00,1.81,119.020004,7.5,SE
2005-07-22 03:00:00,1.8199999,118.64,7.58,SE
2005-07-22 06:00:00,1.77,116.29,7.64,SE
2005-07-22 09:00:00,1.75,113.89,7.68,SE
2005-07-22 12:00:00,1.7199999,111.89,7.68,E
2005-07-22 15:00:00,1.67,110.11,7.64,E
2005-07-22 18:00:00,1.61,109.130005,7.5899997,E
2005-07-22 21:00:00,1.49,108.950005,7.45,E
2005-07-23 00:00:00,1.42,107.28,7.37,E
2005-07-23 03:00:00,1.37,104.85,7.3199997,E
2005-07-23 06:00:00,1.31,102.3,7.2999997,E
2005-07-23 09:00:00,1.26,100.11,7.3399997,E
2005-07-23 12:00:00,1.22,98.61,7.3799996,E
2005-07-23 15:00:00,1.18,96.93,7.41,E
2005-07-23 18:00:00,1.15,95.240005,7.43,E
2005-07-23 21:00:00,1.12,93.44,7.44,E
2005-07-24 00:00:00,1.13,91.520004,7.52,E
2005-07-24 03:00:00,1.12,89.020004,7.58,E
2005-07-24 06:00:00,1.11,86.96,7.6299996,E
2005-07-24 09:00:00,1.06,85.71,7.5499997,E
2005-07-24 12:00:00,1.03,84.130005,7.5499997,E
2005-07-24 15:00:00,1.01,82.810005,7.58,E
2005-07-24 18:00:00,1.0,82.43,7.62,E
2005-07-24 21:00:00,0.98999995,82.68,7.64,E
2005-07-25 00:00:00,0.97999996,83.0,7.6699996,E
2005-07-25 03:00:00,0.96999997,83.3,7.69,E
2005-07-25 06:00:00,0.96,83.5,7.72,E
2005-07-25 09:00:00,0.94,83.420006,7.7999997,E
2005-07-25 12:00:00,0.91999996,82.72,7.87,E
2005-07-25 15:00:00,0.90999997,81.670006,7.94,E
2005-07-25 18:00:00,0.84,81.090004,7.89,E
2005-07-25 21:00:00,0.78,80.96,7.74,E
2005-07-26 00:00:00,0.76,81.170006,7.8799996,E
2005-07-26 03:00:00,0.87,81.590004,8.66,E
2005-07-26 06:00:00,0.83,81.83,8.53,E
2005-07-26 09:00:00,0.82,78.44,8.44,E
2005-07-26 12:00:00,0.82,76.060005,8.45,E
2005-07-26 15:00:00,0.78999996,78.9,8.55,E
2005-07-26 18:00:00,0.77,84.3,8.7,E
2005-07-26 21:00:00,0.77,93.990005,8.9,E
2005-07-27 00:00:00,1.01,107.16,10.21,E
2005-07-27 03:00:00,0.89,115.69,9.19,SE
2005-07-27 06:00:00,0.91999996,120.94,8.92,SE
2005-07-27 09:00:00,0.91999996,124.42,8.44,SE
2005-07-27 12:00:00,0.98999995,127.25,6.8399997,SE
2005-07-27 15:00:00,1.0,128.49,6.85,SE
2005-07-27 18:00:00,1.0,130.37,7.8799996,SE
2005-07-27 21:00:00,1.0,131.78,9.87,SE
2005-07-28 00:00:00,0.97999996,131.69,10.24,SE
2005-07-28 03:00:00,0.96,130.56,10.11,SE
2005-07-28 06:00:00,0.94,128.91,9.95,SE
2005-07-28 09:00:00,0.91999996,126.729996,9.9,SE
2005-07-28 12:00:00,0.9,124.03,10.0199995,SE
2005-07-28 15:00:00,0.98999995,120.86,10.679999,SE
2005-07-28 18:00:00,0.88,118.11,10.07,SE
2005-07-28 21:00:00,0.82,116.08,9.7,SE
2005-07-29 00:00:00,0.82,114.53,9.62,SE
2005-07-29 03:00:00,0.82,110.630005,9.73,E
2005-07-29 06:00:00,0.84,105.270004,9.87,E
2005-07-29 09:00:00,0.85999995,98.200005,9.849999,E
2005-07-29 12:00:00,0.84,95.560005,9.7699995,E
2005-07-29 15:00:00,0.82,94.46,9.65,E
2005-07-29 18:00:00,0.78999996,95.43,9.58,E
2005-07-29 21:00:00,0.77,97.47,9.49,E
2005-07-30 00:00:00,0.75,99.380005,9.44,E
2005-07-30 03:00:00,0.72999996,100.58,9.37,E
2005-07-30 06:00:00,0.71999997,101.16,9.32,E
2005-07-30 09:00:00,0.69,101.060005,9.13,E
2005-07-30 12:00:00,0.66999996,101.490005,8.95,E
2005-07-30 15:00:00,0.65,101.36,8.86,E
2005-07-30 18:00:00,0.64,101.08,8.82,E
2005-07-30 21:00:00,0.63,100.62,8.84,E
2005-07-31 00:00:00,0.64,99.79,9.0,E
2005-07-31 03:00:00,0.65,98.560005,9.16,E
2005-07-31 06:00:00,0.65999997,97.33,9.22,E
2005-07-31 09:00:00,0.68,96.6,9.2699995,E
2005-07-31 12:00:00,0.7,96.07,9.42,E
2005-07-31 15:00:00,0.74,95.86,9.66,E
2005-07-31 18:00:00,0.78,95.71,9.889999,E
2005-07-31 21:00:00,0.79999995,95.16,9.87,E
2005-08-01 00:00:00,0.84,94.03,9.74,E
2005-08-01 03:00:00,0.84999996,95.64,9.57,E
2005-08-01 06:00:00,0.87,91.69,9.03,E
2005-08-01 09:00:00,0.9,91.170006,8.44,E
2005-08-01 12:00:00,0.94,92.83,8.19,E
2005-08-01 15:00:00,0.97999996,95.04,8.09,E
2005-08-01 18:00:00,1.02,97.950005,8.07,E
2005-08-01 21:00:00,1.05,100.12,8.0199995,E
2005-08-02 00:00:00,1.06,101.270004,7.95,E
2005-08-02 03:00:00,1.06,100.16,7.8199997,E
2005-08-02 06:00:00,1.03,96.72,7.72,E
2005-08-02 09:00:00,0.98999995,92.78,7.64,E
2005-08-02 12:00:00,0.90999997,89.87,7.43,E
2005-08-02 15:00:00,0.88,88.22,7.3399997,E
2005-08-02 18:00:00,0.87,86.64,7.3399997,E
2005-08-02 21:00:00,0.87,84.920006,7.41,E
2005-08-03 00:00:00,0.88,83.700005,7.39,E
2005-08-03 03:00:00,0.89,82.64,6.87,E
2005-08-03 06:00:00,0.9,82.020004,6.87,E
2005-08-03 09:00:00,0.89,81.57,7.3399997,E
2005-08-03 12:00:00,0.89,80.840004,7.3599997,E
2005-08-03 15:00:00,0.89,79.53,7.3599997,E
2005-08-03 18:00:00,0.90999997,77.68,7.3599997,E
2005-08-03 21:00:00,0.90999997,76.340004,7.31,E
2005-08-04 00:00:00,0.91999996,72.04,7.24,E
2005-08-04 03:00:00,1.05,54.100006,7.16,NE
2005-08-04 06:00:00,1.2099999,40.740005,5.87,NE
2005-08-04 09:00:00,1.3399999,34.199997,5.7799997,NE
2005-08-04 12:00:00,1.3199999,33.820007,6.1099997,NE
2005-08-04 15:00:00,1.18,39.770004,6.42,NE
2005-08-04 18:00:00,1.04,51.020004,6.5699997,NE
2005-08-04 21:00:00,1.18,122.21001,5.7,SE
2005-08-05 00:00:00,1.65,154.19,6.52,SE
2005-08-05 03:00:00,1.76,155.27,8.0199995,SE
2005-08-05 06:00:00,1.93,155.96,8.71,SE
2005-08-05 09:00:00,2.1,158.21,9.28,S
2005-08-05 12:00:00,2.3,158.78,9.94,S
2005-08-05 15:00:00,2.34,159.17,10.26,S
2005-08-05 18:00:00,2.1499999,158.95,10.11,S
2005-08-05 21:00:00,2.01,158.83,7.75,S
2005-08-06 00:00:00,1.87,158.04001,7.6699996,S
2005-08-06 03:00:00,1.76,154.64,7.6499996,SE
2005-08-06 06:00:00,1.6999999,150.56,7.66,SE
2005-08-06 09:00:00,1.61,147.88,7.68,SE
2005-08-06 12:00:00,1.51,145.28,9.78,SE
2005-08-06 15:00:00,1.41,142.97,9.7699995,SE
2005-08-06 18:00:00,1.3299999,141.67,9.74,SE
2005-08-06 21:00:00,1.24,140.81,9.679999,SE
2005-08-07 00:00:00,1.17,140.0,9.639999,SE
2005-08-07 03:00:00,1.1,139.58,9.679999,SE
2005-08-07 06:00:00,1.06,139.7,9.83,SE
2005-08-07 09:00:00,1.04,140.20999,10.01,SE
2005-08-07 12:00:00,1.14,141.09,10.7,SE
2005-08-07 15:00:00,1.0799999,140.73,10.75,SE
2005-08-07 18:00:00,1.1,141.97,11.5,SE
2005-08-07 21:00:00,1.14,143.36,12.84,SE
2005-08-08 00:00:00,1.2099999,144.29001,13.0199995,SE
2005-08-08 03:00:00,1.14,144.41,12.73,SE
2005-08-08 06:00:00,1.1,144.05,12.07,SE
2005-08-08 09:00:00,1.04,143.49,11.5,SE
2005-08-08 12:00:00,0.98999995,142.68,11.139999,SE
2005-08-08 15:00:00,0.91999996,142.16,10.809999,SE
2005-08-08 18:00:00,0.87,142.2,10.5199995,SE
2005-08-08 21:00:00,0.97999996,142.15,11.05,SE
2005-08-09 00:00:00,0.85999995,141.14,10.32,SE
2005-08-09 03:00:00,0.79999995,140.7,10.01,SE
2005-08-09 06:00:00,0.76,139.64,9.969999,SE
2005-08-09 09:00:00,0.77,129.87,10.13,SE
2005-08-09 12:00:00,0.77,122.66,10.5,SE
2005-08-09 15:00:00,0.77,115.87,10.84,SE
2005-08-09 18:00:00,0.78,111.17,11.9,E
2005-08-09 21:00:00,0.78,109.8,14.2,E
2005-08-10 00:00:00,0.77,108.41,15.929999,E
2005-08-10 03:00:00,0.83,84.130005,15.639999,E
2005-08-10 06:00:00,0.87,60.490005,14.16,NE
2005-08-10 09:00:00,0.88,51.08,13.759999,NE
2005-08-10 12:00:00,0.90999997,50.930008,13.719999,NE
2005-08-10 15:00:00,0.87,61.310005,13.63,NE
2005-08-10 18:00:00,0.82,68.9,13.54,E
2005-08-10 21:00:00,0.75,71.990005,13.17,E
2005-08-11 00:00:00,0.71,75.66,13.009999,E
2005-08-11 03:00:00,0.74,85.46,13.2699995,E
2005-08-11 06:00:00,0.78999996,99.490005,13.34,E
2005-08-11 09:00:00,0.87,112.37,12.34,E
2005-08-11 12:00:00,0.93,124.15,12.04,SE
2005-08-11 15:00:00,0.94,128.77,11.94,SE
2005-08-11 18:00:00,0.94,129.65,11.99,SE
2005-08-11 21:00:00,1.06,134.21,12.309999,SE
2005-08-12 00:00:00,1.23,143.91,12.75,SE
2005-08-12 03:00:00,1.1999999,144.7,12.32,SE
2005-08-12 06:00:00,1.16,142.26001,12.21,SE
2005-08-12 09:00:00,1.15,142.05,12.3,SE
2005-08-12 12:00:00,1.3399999,151.84,12.82,SE
2005-08-12 15:00:00,1.56,159.23,5.7999997,S
2005-08-12 18:00:00,1.6999999,165.99,5.99,S
2005-08-12 21:00:00,1.9499999,169.79,6.23,S
2005-08-13 00:00:00,2.1299999,164.33,6.62,S
2005-08-13 03:00:00,2.27,156.42,6.75,SE
2005-08-13 06:00:00,2.32,153.89,6.75,SE
2005-08-13 09:00:00,2.8799999,152.92,8.349999,SE
2005-08-13 12:00:00,2.5,148.77,8.23,SE
2005-08-13 15:00:00,2.23,143.58,8.11,SE
2005-08-13 18:00:00,2.01,138.48,7.9199996,SE
2005-08-13 21:00:00,1.87,134.41,7.72,SE
2005-08-14 00:00:00,1.76,132.22,7.5899997,SE
2005-08-14 03:00:00,1.68,129.49,7.5299997,SE
2005-08-14 06:00:00,1.5899999,125.8,7.5299997,SE
2005-08-14 09:00:00,1.51,121.92,7.6,SE
2005-08-14 12:00:00,1.48,117.979996,7.87,SE
2005-08-14 15:00:00,1.41,114.58,8.19,SE
2005-08-14 18:00:00,1.36,111.33,8.8,E
2005-08-14 21:00:00,1.36,108.85,9.08,E
2005-08-15 00:00:00,1.26,107.58,8.98,E
2005-08-15 03:00:00,1.1999999,104.76,9.05,E
2005-08-15 06:00:00,1.14,100.380005,9.05,E
2005-08-15 09:00:00,1.11,93.28,8.92,E
2005-08-15 12:00:00,1.11,87.8,8.91,E
2005-08-15 15:00:00,1.06,86.380005,8.94,E
2005-08-15 18:00:00,1.01,87.03,9.04,E
2005-08-15 21:00:00,0.96,88.770004,9.11,E
2005-08-16 00:00:00,0.9,90.130005,9.09,E
2005-08-16 03:00:00,0.87,94.560005,8.98,E
2005-08-16 06:00:00,1.15,127.03,8.849999,SE
2005-08-16 09:00:00,1.4,138.01001,5.2799997,SE
2005-08-16 12:00:00,1.4399999,138.26001,5.8399997,SE
2005-08-16 15:00:00,1.42,134.63,6.0699997,SE
2005-08-16 18:00:00,1.39,130.62,6.1299996,SE
2005-08-16 21:00:00,1.38,127.380005,6.2,SE
2005-08-17 00:00:00,1.36,125.53,6.29,SE
2005-08-17 03:00:00,1.3399999,124.43,6.42,SE
2005-08-17 06:00:00,1.31,123.86,6.58,SE
2005-08-17 09:00:00,1.27,123.71001,6.72,SE
2005-08-17 12:00:00,1.3,123.14,6.99,SE
2005-08-17 15:00:00,1.17,122.61,6.87,SE
2005-08-17 18:00:00,1.1,121.67,6.8799996,SE
2005-08-17 21:00:00,1.0699999,120.86,6.85,SE
2005-08-18 00:00:00,1.03,121.97,6.79,SE
2005-08-18 03:00:00,1.0,121.51,6.85,SE
2005-08-18 06:00:00,0.96,119.22,6.87,SE
2005-08-18 09:00:00,0.93,117.3,6.83,SE
2005-08-18 12:00:00,0.89,116.11,6.75,SE
2005-08-18 15:00:00,0.85999995,115.25,6.66,SE
2005-08-18 18:00:00,0.83,114.58,6.5699997,SE
2005-08-18 21:00:00,0.81,114.08,6.52,SE
2005-08-19 00:00:00,0.78999996,113.520004,6.5,SE
2005-08-19 03:00:00,0.78,112.53,6.5099998,SE
2005-08-19 06:00:00,0.77,111.12,6.5299997,E
2005-08-19 09:00:00,0.76,109.5,6.5499997,E
2005-08-19 12:00:00,0.76,105.29,6.5899997,E
2005-08-19 15:00:00,0.79999995,92.16,6.67,E
2005-08-19 18:00:00,0.83,80.76,6.7599998,E
2005-08-19 21:00:00,0.84999996,65.36,6.8599997,NE
2005-08-20 00:00:00,0.89,40.62001,6.08,NE
2005-08-20 03:00:00,0.96999997,22.449997,4.18,N
2005-08-20 06:00:00,1.0799999,21.37001,4.73,N
2005-08-20 09:00:00,1.05,24.12001,5.0899997,NE
2005-08-20 12:00:00,0.93,28.87001,5.19,NE
2005-08-20 15:00:00,0.83,36.90001,5.29,NE
2005-08-20 18:00:00,0.76,50.979996,5.4,NE
2005-08-20 21:00:00,0.7,67.33,5.52,NE
2005-08-21 00:00:00,0.66999996,82.53,8.63,E
2005-08-21 03:00:00,0.65999997,93.090004,8.71,E
2005-08-21 06:00:00,0.65999997,101.85,8.65,E
2005-08-21 09:00:00,0.66999996,109.78,8.51,E
2005-08-21 12:00:00,0.63,115.97,8.07,SE
2005-08-21 15:00:00,0.65,122.62,8.05,SE
2005-08-21 18:00:00,0.66999996,127.28,8.08,SE
2005-08-21 21:00:00,0.68,130.66,8.13,SE
2005-08-22 00:00:00,0.69,132.88,8.19,SE
2005-08-22 03:00:00,0.7,133.41,8.21,SE
2005-08-22 06:00:00,0.71,131.55,8.2699995,SE
2005-08-22 09:00:00,0.72999996,127.5,8.55,SE
2005-08-22 12:00:00,0.77,122.4,10.469999,SE
2005-08-22 15:00:00,0.84,117.479996,11.48,SE
2005-08-22 18:00:00,0.97999996,118.64,12.92,SE
2005-08-22 21:00:00,1.28,127.57,13.09,SE
2005-08-23 00:00:00,1.4599999,130.86,11.16,SE
2005-08-23 03:00:00,1.53,130.49,11.63,SE
2005-08-23 06:00:00,1.5699999,130.21,11.74,SE
2005-08-23 09:00:00,1.62,131.38,11.54,SE
2005-08-23 12:00:00,1.64,133.38,11.38,SE
2005-08-23 15:00:00,1.68,136.27,11.139999,SE
2005-08-23 18:00:00,1.79,142.27,10.75,SE
2005-08-23 21:00:00,1.86,146.36,10.349999,SE
2005-08-24 00:00:00,1.8399999,145.55,10.13,SE
2005-08-24 03:00:00,1.81,143.48,10.349999,SE
2005-08-24 06:00:00,1.86,143.11,10.83,SE
2005-08-24 09:00:00,1.9399999,143.53,11.24,SE
2005-08-24 12:00:00,1.8299999,143.01001,11.139999,SE
2005-08-24 15:00:00,1.8,142.55,11.12,SE
2005-08-24 18:00:00,1.8499999,142.37,11.25,SE
2005-08-24 21:00:00,2.1399999,144.16,11.95,SE
2005-08-25 00:00:00,2.1,144.27,11.559999,SE
2005-08-25 03:00:00,2.02,141.45,11.19,SE
2005-08-25 06:00:00,1.9799999,141.17,10.99,SE
2005-08-25 09:00:00,1.9,141.31,10.83,SE
2005-08-25 12:00:00,1.8499999,140.18,10.719999,SE
2005-08-25 15:00:00,1.81,138.59,10.51,SE
2005-08-25 18:00:00,1.79,138.5,10.29,SE
2005-08-25 21:00:00,2.0,139.12,10.679999,SE
2005-08-26 00:00:00,1.8399999,140.26001,10.13,SE
2005-08-26 03:00:00,1.8199999,141.45,9.94,SE
2005-08-26 06:00:00,1.88,143.39,7.5699997,SE
2005-08-26 09:00:00,1.93,145.2,6.3999996,SE
2005-08-26 12:00:00,1.9699999,146.3,6.52,SE
2005-08-26 15:00:00,2.04,146.79001,6.5899997,SE
2005-08-26 18:00:00,2.11,147.16,6.73,SE
2005-08-26 21:00:00,2.19,148.56,7.64,SE
2005-08-27 00:00:00,2.24,151.32,7.98,SE
2005-08-27 03:00:00,2.3799999,152.25,8.139999,SE
2005-08-27 06:00:00,2.58,153.82,8.22,SE
2005-08-27 09:00:00,3.05,153.37,9.12,SE
2005-08-27 12:00:00,2.6399999,150.6,8.86,SE
2005-08-27 15:00:00,2.52,146.76001,8.79,SE
2005-08-27 18:00:00,2.61,143.73,8.83,SE
2005-08-27 21:00:00,2.53,140.74,8.75,SE
2005-08-28 00:00:00,2.4199998,136.84,9.04,SE
2005-08-28 03:00:00,2.27,134.05,9.07,SE
2005-08-28 06:00:00,2.18,132.72,9.179999,SE
2005-08-28 09:00:00,2.05,130.49,9.28,SE
2005-08-28 12:00:00,1.9399999,127.020004,9.23,SE
2005-08-28 15:00:00,1.8499999,122.81,9.07,SE
2005-08-28 18:00:00,1.8,118.37,8.849999,SE
2005-08-28 21:00:00,1.6899999,113.91,8.38,SE
2005-08-29 00:00:00,1.7199999,111.22,8.349999,E
2005-08-29 03:00:00,1.66,109.01,8.25,E
2005-08-29 06:00:00,1.61,106.450005,8.23,E
2005-08-29 09:00:00,1.62,102.9,8.28,E
2005-08-29 12:00:00,1.6999999,98.73,8.26,E
2005-08-29 15:00:00,1.78,95.36,8.2,E
2005-08-29 18:00:00,1.8199999,92.91,8.16,E
2005-08-29 21:00:00,1.8199999,91.48,8.15,E
2005-08-30 00:00:00,1.79,89.700005,8.12,E
2005-08-30 03:00:00,1.79,86.740005,8.04,E
2005-08-30 06:00:00,1.73,85.3,7.99,E
2005-08-30 09:00:00,1.64,84.86,7.99,E
2005-08-30 12:00:00,1.4499999,83.75,7.66,E
2005-08-30 15:00:00,1.39,81.48,7.6299996,E
2005-08-30 18:00:00,1.3299999,80.8,7.5899997,E
2005-08-30 21:00:00,1.28,82.5,7.6299996,E
2005-08-31 00:00:00,1.4,83.79,8.09,E
2005-08-31 03:00:00,1.3399999,82.07,7.95,E
2005-08-31 06:00:00,1.3299999,78.19,7.94,E
2005-08-31 09:00:00,1.3299999,74.920006,7.95,E
2005-08-31 12:00:00,1.3299999,72.65,8.0,E
2005-08-31 15:00:00,1.29,71.55,8.09,E
2005-08-31 18:00:00,1.24,72.69,8.22,E
2005-08-31 21:00:00,1.15,75.36,8.179999,E
2005-09-01 00:00:00,1.13,77.76,8.24,E
2005-09-01 03:00:00,1.13,89.16,8.28,E
2005-09-01 06:00:00,1.12,83.33,8.349999,E
2005-09-01 09:00:00,1.12,82.28,8.53,E
2005-09-01 12:00:00,1.12,82.89,8.71,E
2005-09-01 15:00:00,1.13,84.200005,8.86,E
2005-09-01 18:00:00,1.13,86.130005,8.94,E
2005-09-01 21:00:00,1.12,87.86,9.0199995,E
2005-09-02 00:00:00,1.13,88.520004,9.099999,E
2005-09-02 03:00:00,1.12,88.48,9.2,E
2005-09-02 06:00:00,1.13,88.310005,9.25,E
2005-09-02 09:00:00,1.15,88.19,9.2699995,E
2005-09-02 12:00:00,1.12,88.33,9.21,E
2005-09-02 15:00:00,1.14,86.91,9.29,E
2005-09-02 18:00:00,1.16,84.89,9.46,E
2005-09-02 21:00:00,1.15,84.310005,9.63,E
2005-09-03 00:00:00,1.13,83.87,9.719999,E
2005-09-03 03:00:00,1.13,83.26,9.78,E
2005-09-03 06:00:00,1.17,78.520004,9.83,E
2005-09-03 09:00:00,1.25,73.93,9.95,E
2005-09-03 12:00:00,1.3,67.75,9.86,E
2005-09-03 15:00:00,1.4,56.89,9.889999,NE
2005-09-03 18:00:00,1.53,46.160004,8.07,NE
2005-09-03 21:00:00,1.48,39.490005,5.67,NE
2005-09-04 00:00:00,1.4699999,31.080002,5.74,NE
2005-09-04 03:00:00,1.48,27.480011,5.74,NE
2005-09-04 06:00:00,1.53,28.87001,5.68,NE
2005-09-04 09:00:00,1.4399999,32.940002,6.04,NE
2005-09-04 12:00:00,1.35,35.380005,6.19,NE
2005-09-04 15:00:00,1.26,39.600006,6.2999997,NE
2005-09-04 18:00:00,1.26,69.82,6.3399997,E
2005-09-04 21:00:00,1.29,106.39,6.19,E
2005-09-05 00:00:00,1.28,119.34,6.2,SE
2005-09-05 03:00:00,1.27,125.490005,6.49,SE
2005-09-05 06:00:00,1.3399999,134.55,6.64,SE
2005-09-05 09:00:00,1.38,138.97,6.23,SE
2005-09-05 12:00:00,1.35,140.04001,6.48,SE
2005-09-05 15:00:00,1.37,144.02,6.52,SE
2005-09-05 18:00:00,1.43,148.99,6.48,SE
2005-09-05 21:00:00,1.4399999,149.54001,6.5,SE
2005-09-06 00:00:00,1.41,144.95999,6.66,SE
2005-09-06 03:00:00,1.41,140.9,6.91,SE
2005-09-06 06:00:00,1.93,140.76001,7.8399997,SE
2005-09-06 09:00:00,1.8,139.51001,9.2,SE
2005-09-06 12:00:00,1.6899999,136.93,8.99,SE
2005-09-06 15:00:00,1.54,134.23,8.83,SE
2005-09-06 18:00:00,1.49,132.54001,9.0,SE
2005-09-06 21:00:00,1.37,131.73,8.8,SE
2005-09-07 00:00:00,1.3399999,131.46,8.97,SE
2005-09-07 03:00:00,1.29,131.16,9.08,SE
2005-09-07 06:00:00,1.25,130.8,8.96,SE
2005-09-07 09:00:00,1.22,130.3,8.849999,SE
2005-09-07 12:00:00,1.1899999,129.62,8.79,SE
2005-09-07 15:00:00,1.15,129.4,8.7,SE
2005-09-07 18:00:00,1.11,129.19,8.62,SE
2005-09-07 21:00:00,1.0799999,128.99,8.559999,SE
2005-09-08 00:00:00,1.05,128.56,8.54,SE
2005-09-08 03:00:00,1.02,127.69,8.53,SE
2005-09-08 06:00:00,1.01,126.03,8.49,SE
2005-09-08 09:00:00,1.0,124.31,8.47,SE
2005-09-08 12:00:00,0.97999996,122.78,8.5199995,SE
2005-09-08 15:00:00,0.96,121.15,8.69,SE
2005-09-08 18:00:00,0.94,119.479996,9.51,SE
2005-09-08 21:00:00,0.93,117.770004,9.66,SE
2005-09-09 00:00:00,0.94,116.11,9.809999,SE
2005-09-09 03:00:00,0.93,114.29,9.87,SE
2005-09-09 06:00:00,0.93,112.8,9.88,SE
2005-09-09 09:00:00,0.95,110.83,10.01,E
2005-09-09 12:00:00,0.90999997,108.060005,9.91,E
2005-09-09 15:00:00,0.9,104.69,10.24,E
2005-09-09 18:00:00,0.91999996,103.490005,10.32,E
2005-09-09 21:00:00,0.93,102.380005,10.29,E
2005-09-10 00:00:00,0.96,97.68,10.349999,E
2005-09-10 03:00:00,1.0,85.420006,10.45,E
2005-09-10 06:00:00,1.0799999,67.62,10.429999,E
2005-09-10 09:00:00,1.11,57.980003,8.11,NE
2005-09-10 12:00:00,1.2099999,43.67,4.7799997,NE
2005-09-10 15:00:00,1.26,31.040009,5.17,NE
2005-09-10 18:00:00,1.25,24.350006,5.3399997,NE
2005-09-10 21:00:00,1.37,12.540009,5.41,N
2005-09-11 00:00:00,1.4599999,4.7400055,5.64,N
2005-09-11 03:00:00,1.3199999,9.410004,5.83,N
2005-09-11 06:00:00,1.1999999,19.26001,5.94,N
2005-09-11 09:00:00,1.3199999,20.89,6.0,N
2005-09-11 12:00:00,1.37,19.790009,6.27,N
2005-09-11 15:00:00,1.22,20.660004,6.3799996,N
2005-09-11 18:00:00,1.0699999,23.169998,6.3399997,NE
2005-09-11 21:00:00,0.91999996,26.199997,6.22,NE
2005-09-12 00:00:00,0.74,32.699997,5.8799996,NE
2005-09-12 03:00:00,0.68,40.51001,9.349999,NE
2005-09-12 06:00:00,0.76,3.2100067,9.48,N
2005-09-12 09:00:00,0.81,328.36,7.35,NW
2005-09-12 12:00:00,0.72999996,355.71,7.4199996,N
2005-09-12 15:00:00,0.63,141.76001,9.63,SE
2005-09-12 18:00:00,0.59,137.06,9.74,SE
2005-09-12 21:00:00,0.57,133.11,9.88,SE
2005-09-13 00:00:00,0.61,133.1,9.9,SE
2005-09-13 03:00:00,0.66999996,133.56,9.98,SE
2005-09-13 06:00:00,0.69,134.84,9.87,SE
2005-09-13 09:00:00,0.71,135.67,9.75,SE
2005-09-13 12:00:00,0.66999996,135.35,9.28,SE
2005-09-13 15:00:00,0.75,136.45999,9.7699995,SE
2005-09-13 18:00:00,0.74,138.39,10.01,SE
2005-09-13 21:00:00,0.76,142.83,10.389999,SE
2005-09-14 00:00:00,0.78999996,146.49,10.75,SE
2005-09-14 03:00:00,0.81,148.55,11.01,SE
2005-09-14 06:00:00,0.81,149.49,11.0199995,SE
2005-09-14 09:00:00,0.83,150.93,10.86,SE
2005-09-14 12:00:00,0.83,151.75,10.65,SE
2005-09-14 15:00:00,0.81,150.43,10.389999,SE
2005-09-14 18:00:00,0.78,148.56,10.15,SE
2005-09-14 21:00:00,0.78,147.59,10.059999,SE
2005-09-15 00:00:00,0.7,146.88,9.599999,SE
2005-09-15 03:00:00,0.7,146.72,9.63,SE
2005-09-15 06:00:00,0.78999996,129.37,9.78,SE
2005-09-15 09:00:00,0.9,96.55,9.83,E
2005-09-15 12:00:00,0.96,66.79,6.3599997,NE
2005-09-15 15:00:00,1.05,31.86,4.5099998,NE
2005-09-15 18:00:00,1.0799999,22.300003,4.93,N
2005-09-15 21:00:00,1.03,20.850006,5.18,N
2005-09-16 00:00:00,1.0699999,17.779999,5.45,N
2005-09-16 03:00:00,1.25,13.960007,5.68,N
2005-09-16 06:00:00,1.8,13.460007,6.06,N
2005-09-16 09:00:00,2.34,11.839996,6.66,N
2005-09-16 12:00:00,2.61,13.730011,8.32,N
2005-09-16 15:00:00,2.1699998,5.080002,8.49,N
2005-09-16 18:00:00,1.9799999,341.53,8.48,N
2005-09-16 21:00:00,1.78,315.64,5.38,NW
2005-09-17 00:00:00,1.4399999,302.22,8.57,NW
2005-09-17 03:00:00,1.15,285.13,8.849999,W
2005-09-17 06:00:00,0.96,254.78,8.83,W
2005-09-17 09:00:00,0.93,201.28,9.309999,S
2005-09-17 12:00:00,1.0699999,178.48,10.219999,S
2005-09-17 15:00:00,1.15,167.13,10.61,S
2005-09-17 18:00:00,1.13,162.15,10.66,S
2005-09-17 21:00:00,1.0799999,159.44,10.59,S
2005-09-18 00:00:00,1.06,156.68,10.469999,SE
2005-09-18 03:00:00,1.02,152.99,10.179999,SE
2005-09-18 06:00:00,0.98999995,150.44,9.88,SE
2005-09-18 09:00:00,1.01,145.76001,9.59,SE
2005-09-18 12:00:00,1.06,145.18,9.32,SE
2005-09-18 15:00:00,1.14,145.94,9.25,SE
2005-09-18 18:00:00,1.1899999,147.16,9.23,SE
2005-09-18 21:00:00,1.1999999,147.95999,9.19,SE
2005-09-19 00:00:00,1.24,147.85,9.4,SE
2005-09-19 03:00:00,1.13,146.3,9.059999,SE
2005-09-19 06:00:00,1.12,142.86,9.03,SE
2005-09-19 09:00:00,1.12,136.18,8.97,SE
2005-09-19 12:00:00,1.09,132.6,8.87,SE
2005-09-19 15:00:00,1.1,131.63,8.94,SE
2005-09-19 18:00:00,1.1,131.97,9.05,SE
2005-09-19 21:00:00,1.0799999,134.22,9.25,SE
2005-09-20 00:00:00,1.04,135.47,9.83,SE
2005-09-20 03:00:00,1.03,137.59,10.65,SE
2005-09-20 06:00:00,1.06,137.75,10.809999,SE
2005-09-20 09:00:00,1.12,136.81,10.7699995,SE
2005-09-20 12:00:00,1.22,138.39,10.719999,SE
2005-09-20 15:00:00,1.4699999,141.92,10.91,SE
2005-09-20 18:00:00,1.63,142.87,11.509999,SE
2005-09-20 21:00:00,1.64,143.66,12.23,SE
2005-09-21 00:00:00,1.62,144.45999,12.23,SE
2005-09-21 03:00:00,1.5899999,144.82,11.91,SE
2005-09-21 06:00:00,1.5699999,144.42,11.54,SE
2005-09-21 09:00:00,1.55,143.59,11.15,SE
2005-09-21 12:00:00,1.5,142.31,10.849999,SE
2005-09-21 15:00:00,1.4399999,140.98,10.63,SE
2005-09-21 18:00:00,1.36,140.09,10.429999,SE
2005-09-21 21:00:00,1.28,139.13,10.2,SE
2005-09-22 00:00:00,1.1899999,138.11,10.0,SE
2005-09-22 03:00:00,1.13,137.29001,9.87,SE
2005-09-22 06:00:00,1.0699999,135.72,9.7,SE
2005-09-22 09:00:00,1.02,133.84,9.41,SE
2005-09-22 12:00:00,0.94,132.23,8.83,SE
2005-09-22 15:00:00,0.89,131.89,8.49,SE
2005-09-22 18:00:00,0.84,131.61,8.28,SE
2005-09-22 21:00:00,0.79999995,130.99,8.139999,SE
2005-09-23 00:00:00,0.75,129.67,8.07,SE
2005-09-23 03:00:00,0.72999996,125.8,8.05,SE
2005-09-23 06:00:00,0.75,112.44,8.11,E
2005-09-23 09:00:00,0.78,96.41,8.139999,E
2005-09-23 12:00:00,0.81,78.26,3.85,E
2005-09-23 15:00:00,0.84,64.83,4.21,NE
2005-09-23 18:00:00,0.78999996,61.97,4.37,NE
2005-09-23 21:00:00,0.71999997,64.14,4.41,NE
2005-09-24 00:00:00,0.69,58.690002,4.37,NE
2005-09-24 03:00:00,0.69,49.410004,5.19,NE
2005-09-24 06:00:00,0.78,38.04001,3.6499999,NE
2005-09-24 09:00:00,0.84999996,35.130005,4.13,NE
2005-09-24 12:00:00,0.91999996,32.47,4.5899997,NE
2005-09-24 15:00:00,0.96999997,28.410004,4.87,NE
2005-09-24 18:00:00,0.96999997,24.960007,5.04,NE
2005-09-24 21:00:00,0.93,23.90001,5.08,NE
2005-09-25 00:00:00,0.88,22.490005,5.0699997,N
2005-09-25 03:00:00,0.93,21.62001,4.87,N
2005-09-25 06:00:00,1.02,24.570007,4.6,NE
2005-09-25 09:00:00,1.0799999,26.839996,4.93,NE
2005-09-25 12:00:00,1.0799999,25.790009,5.12,NE
2005-09-25 15:00:00,1.1,22.839996,5.23,NE
2005-09-25 18:00:00,1.02,25.39,5.3599997,NE
2005-09-25 21:00:00,0.91999996,31.690002,5.37,NE
2005-09-26 00:00:00,0.85999995,35.37001,5.3399997,NE
2005-09-26 03:00:00,0.94,34.11,5.44,NE
2005-09-26 06:00:00,1.0,34.309998,5.14,NE
2005-09-26 09:00:00,0.98999995,39.339996,4.91,NE
2005-09-26 12:00:00,1.0,42.78,5.04,NE
2005-09-26 15:00:00,1.04,39.53,5.1099997,NE
2005-09-26 18:00:00,1.03,41.320007,5.2599998,NE
2005-09-26 21:00:00,0.94,50.36,5.39,NE
2005-09-27 00:00:00,0.84999996,63.520004,5.56,NE
2005-09-27 03:00:00,0.78999996,74.04,8.349999,E
2005-09-27 06:00:00,0.78999996,75.61,8.2699995,E
2005-09-27 09:00:00,0.78999996,77.83,8.21,E
2005-09-27 12:00:00,0.76,82.450005,8.139999,E
2005-09-27 15:00:00,0.75,85.03,8.099999,E
2005-09-27 18:00:00,0.74,87.55,8.07,E
2005-09-27 21:00:00,0.74,90.130005,7.0099998,E
2005-09-28 00:00:00,0.74,93.87,6.95,E
2005-09-28 03:00:00,0.75,99.3,6.95,E
2005-09-28 06:00:00,0.79999995,102.1,7.0299997,E
2005-09-28 09:00:00,0.88,98.700005,7.14,E
2005-09-28 12:00:00,1.03,83.82,8.19,E
2005-09-28 15:00:00,1.12,67.990005,6.06,E
2005-09-28 18:00:00,1.1899999,55.560005,4.7799997,NE
2005-09-28 21:00:00,1.26,41.050003,4.94,NE
2005-09-29 00:00:00,1.18,32.729996,4.97,NE
2005-09-29 03:00:00,1.1999999,31.440002,5.08,NE
2005-09-29 06:00:00,1.24,30.570007,5.0899997,NE
2005-09-29 09:00:00,1.24,33.680008,5.52,NE
2005-09-29 12:00:00,1.1999999,36.940002,5.7799997,NE
2005-09-29 15:00:00,1.11,42.160004,5.81,NE
2005-09-29 18:00:00,1.01,51.020004,5.7999997,NE
2005-09-29 21:00:00,1.05,87.19,7.29,E
2005-09-30 00:00:00,1.16,118.46001,5.02,SE
2005-09-30 03:00:00,1.16,123.42,5.54,SE
2005-09-30 06:00:00,1.12,122.87,6.08,SE
2005-09-30 09:00:00,1.0799999,122.380005,6.69,SE
2005-09-30 12:00:00,0.96999997,122.51,6.69,SE
2005-09-30 15:00:00,0.94,118.729996,6.7799997,SE
2005-09-30 18:00:00,0.97999996,101.82,7.0299997,E
2005-09-30 21:00:00,0.97999996,91.42,9.19,E
2005-10-01 00:00:00,0.93,98.9,9.55,E
2005-10-01 03:00:00,0.93,129.33,9.2699995,SE
2005-10-01 06:00:00,1.05,125.45,8.95,SE
2005-10-01 09:00:00,1.1,127.71001,6.35,SE
2005-10-01 12:00:00,1.0699999,129.08,6.7799997,SE
2005-10-01 15:00:00,1.04,129.17,6.85,SE
2005-10-01 18:00:00,0.98999995,129.32,6.52,SE
2005-10-01 21:00:00,0.95,129.63,6.87,SE
2005-10-02 00:00:00,0.85999995,129.17,7.0099998,SE
2005-10-02 03:00:00,0.89,115.630005,7.0699997,SE
2005-10-02 06:00:00,0.96,84.310005,7.08,E
2005-10-02 09:00:00,0.93,77.350006,5.87,E
2005-10-02 12:00:00,0.91999996,67.990005,4.61,E
2005-10-02 15:00:00,0.9,63.620003,4.87,NE
2005-10-02 18:00:00,0.85999995,65.72,5.0899997,NE
2005-10-02 21:00:00,0.79999995,72.14,5.2,E
2005-10-03 00:00:00,0.75,81.060005,6.64,E
2005-10-03 03:00:00,0.69,89.21,8.59,E
2005-10-03 06:00:00,0.65999997,93.54,8.54,E
2005-10-03 09:00:00,0.65,93.64,12.11,E
2005-10-03 12:00:00,0.68,82.25,11.889999,E
2005-10-03 15:00:00,0.75,59.36,7.3999996,NE
2005-10-03 18:00:00,0.76,54.54,4.8599997,NE
2005-10-03 21:00:00,0.72999996,56.050003,5.0099998,NE
2005-10-04 00:00:00,0.68,60.010002,6.77,NE
2005-10-04 03:00:00,0.63,67.62,9.03,E
2005-10-04 06:00:00,0.79999995,122.92,6.6499996,SE
2005-10-04 09:00:00,1.01,147.38,4.7799997,SE
2005-10-04 12:00:00,1.03,149.99,5.43,SE
2005-10-04 15:00:00,1.05,149.57,5.95,SE
2005-10-04 18:00:00,1.06,146.73,6.15,SE
2005-10-04 21:00:00,1.05,144.63,6.37,SE
2005-10-05 00:00:00,1.9399999,143.97,8.87,SE
2005-10-05 03:00:00,1.4399999,138.91,9.48,SE
2005-10-05 06:00:00,1.29,136.13,11.0,SE
2005-10-05 09:00:00,1.1999999,132.49,10.639999,SE
2005-10-05 12:00:00,1.12,126.380005,10.13,SE
2005-10-05 15:00:00,1.0699999,119.61,9.88,SE
2005-10-05 18:00:00,1.03,109.58,9.88,E
2005-10-05 21:00:00,1.03,86.83,10.19,E
2005-10-06 00:00:00,1.14,55.740005,10.99,NE
2005-10-06 03:00:00,1.12,43.86,8.73,NE
2005-10-06 06:00:00,1.16,34.61,5.06,NE
2005-10-06 09:00:00,1.16,30.820007,5.4,NE
2005-10-06 12:00:00,1.14,31.320007,5.75,NE
2005-10-06 15:00:00,1.09,35.520004,6.0299997,NE
2005-10-06 18:00:00,1.05,39.229996,6.17,NE
2005-10-06 21:00:00,1.0,47.680008,6.23,NE
2005-10-07 00:00:00,0.98999995,72.16,6.25,E
2005-10-07 03:00:00,1.01,100.71,6.22,E
2005-10-07 06:00:00,0.98999995,108.41,6.0699997,E
2005-10-07 09:00:00,0.93,111.17,7.77,E
2005-10-07 12:00:00,0.90999997,118.07,7.7599998,SE
2005-10-07 15:00:00,0.97999996,121.97,11.13,SE
2005-10-07 18:00:00,1.0799999,121.62,12.349999,SE
2005-10-07 21:00:00,1.23,110.39,12.719999,E
2005-10-08 00:00:00,1.42,48.42,12.009999,NE
2005-10-08 03:00:00,1.8299999,25.809998,5.94,NE
2005-10-08 06:00:00,2.1399999,22.050003,6.56,N
2005-10-08 09:00:00,2.1599998,21.37001,7.41,N
2005-10-08 12:00:00,2.06,23.839996,7.79,NE
2005-10-08 15:00:00,1.74,25.779999,7.8599997,NE
2005-10-08 18:00:00,1.49,22.40001,7.64,N
2005-10-08 21:00:00,1.28,32.660004,7.58,NE
2005-10-09 00:00:00,1.09,60.200005,8.11,NE
2005-10-09 03:00:00,0.96999997,81.740005,8.059999,E
2005-10-09 06:00:00,0.9,93.11,8.0199995,E
2005-10-09 09:00:00,0.9,106.450005,8.01,E
2005-10-09 12:00:00,0.87,124.25,7.99,SE
2005-10-09 15:00:00,0.83,133.17,7.9199996,SE
2005-10-09 18:00:00,0.87,148.04001,10.01,SE
2005-10-09 21:00:00,0.96,157.83,9.67,S
2005-10-10 00:00:00,1.01,156.27,9.09,SE
2005-10-10 03:00:00,1.03,152.51,7.24,SE
2005-10-10 06:00:00,1.1,149.71,8.69,SE
2005-10-10 09:00:00,1.18,148.16,10.9,SE
2005-10-10 12:00:00,1.23,147.95999,11.48,SE
2005-10-10 15:00:00,1.23,149.22,11.2699995,SE
2005-10-10 18:00:00,1.1899999,150.55,11.0,SE
2005-10-10 21:00:00,1.12,151.38,10.719999,SE
2005-10-11 00:00:00,1.03,151.67,10.34,SE
2005-10-11 03:00:00,0.96999997,150.05,9.9,SE
2005-10-11 06:00:00,0.98999995,136.20999,9.61,SE
2005-10-11 09:00:00,1.0,122.31,9.099999,SE
2005-10-11 12:00:00,0.94,107.6,8.58,E
2005-10-11 15:00:00,0.89,103.71,5.96,E
2005-10-11 18:00:00,0.84,100.590004,5.98,E
2005-10-11 21:00:00,0.78999996,103.23,6.04,E
2005-10-12 00:00:00,0.74,109.32,6.08,E
2005-10-12 03:00:00,0.7,116.97,6.92,SE
2005-10-12 06:00:00,0.75,128.06,6.8999996,SE
2005-10-12 09:00:00,0.88,139.29001,3.77,SE
2005-10-12 12:00:00,0.89,141.63,4.39,SE
2005-10-12 15:00:00,0.85999995,138.7,4.6,SE
2005-10-12 18:00:00,0.84999996,136.51001,5.65,SE
2005-10-12 21:00:00,0.84999996,135.36,6.54,SE
2005-10-13 00:00:00,0.9,133.81,6.7599998,SE
2005-10-13 03:00:00,0.9,133.37,6.79,SE
2005-10-13 06:00:00,0.9,132.33,6.83,SE
2005-10-13 09:00:00,1.0799999,126.58,7.5,SE
2005-10-13 12:00:00,1.0799999,117.36,6.19,SE
2005-10-13 15:00:00,1.03,111.53,6.2999997,E
2005-10-13 18:00:00,1.01,96.6,6.29,E
2005-10-13 21:00:00,1.01,76.170006,5.1,E
2005-10-14 00:00:00,0.98999995,60.22,5.27,NE
2005-10-14 03:00:00,0.90999997,55.61,5.41,NE
2005-10-14 06:00:00,0.84999996,54.230003,5.52,NE
2005-10-14 09:00:00,0.83,48.36,5.54,NE
2005-10-14 12:00:00,0.65999997,46.14,4.94,NE
2005-10-14 15:00:00,0.62,56.86,5.04,NE
2005-10-14 18:00:00,0.71,86.590004,5.39,E
2005-10-14 21:00:00,1.09,151.84,4.56,SE
2005-10-15 00:00:00,1.1999999,152.88,5.25,SE
2005-10-15 03:00:00,1.29,150.12,5.52,SE
2005-10-15 06:00:00,1.39,148.76,5.74,SE
2005-10-15 09:00:00,1.48,146.06,6.02,SE
2005-10-15 12:00:00,1.48,142.17,6.25,SE
2005-10-15 15:00:00,1.39,139.28,6.41,SE
2005-10-15 18:00:00,1.3199999,137.70999,6.48,SE
2005-10-15 21:00:00,1.37,138.54001,6.46,SE
2005-10-16 00:00:00,1.38,137.68,6.3799996,SE
2005-10-16 03:00:00,1.28,137.31,6.2599998,SE
2005-10-16 06:00:00,1.28,137.63,6.22,SE
2005-10-16 09:00:00,1.28,135.73,6.23,SE
2005-10-16 12:00:00,1.25,132.56,6.2999997,SE
2005-10-16 15:00:00,1.2099999,129.8,6.3599997,SE
2005-10-16 18:00:00,1.16,129.74,6.3599997,SE
2005-10-16 21:00:00,1.13,132.35,6.35,SE
2005-10-17 00:00:00,1.0799999,132.55,6.31,SE
2005-10-17 03:00:00,1.01,131.42,6.2799997,SE
2005-10-17 06:00:00,0.97999996,132.76001,6.2799997,SE
2005-10-17 09:00:00,1.12,143.02,6.15,SE
2005-10-17 12:00:00,1.4399999,152.62,5.93,SE
2005-10-17 15:00:00,1.54,155.1,6.19,SE
2005-10-17 18:00:00,1.66,155.39,6.69,SE
2005-10-17 21:00:00,1.77,156.45,6.94,SE
2005-10-18 00:00:00,1.77,156.41,7.95,SE
2005-10-18 03:00:00,1.92,154.98,8.04,SE
2005-10-18 06:00:00,2.08,155.76,8.15,SE
2005-10-18 09:00:00,2.1699998,157.61,8.32,S
2005-10-18 12:00:00,2.28,158.64,8.95,S
2005-10-18 15:00:00,2.46,158.95,9.91,S
2005-10-18 18:00:00,2.54,159.06,10.099999,S
2005-10-18 21:00:00,2.49,157.96,10.07,S
2005-10-19 00:00:00,2.02,155.06,9.22,SE
2005-10-19 03:00:00,1.99,151.76,9.19,SE
2005-10-19 06:00:00,1.9599999,147.72,9.44,SE
2005-10-19 09:00:00,2.04,143.54001,9.96,SE
2005-10-19 12:00:00,2.09,139.31,10.4,SE
2005-10-19 15:00:00,2.07,135.58,10.42,SE
2005-10-19 18:00:00,2.0,132.51001,10.19,SE
2005-10-19 21:00:00,1.93,129.88,10.01,SE
2005-10-20 00:00:00,1.88,127.32,9.91,SE
2005-10-20 03:00:00,1.8299999,124.979996,9.87,SE
2005-10-20 06:00:00,1.77,123.12,9.8,SE
2005-10-20 09:00:00,1.66,121.61,9.639999,SE
2005-10-20 12:00:00,1.5899999,120.37,9.5,SE
2005-10-20 15:00:00,1.39,119.020004,8.9,SE
2005-10-20 18:00:00,1.42,118.270004,9.07,SE
2005-10-20 21:00:00,1.41,115.91,9.04,SE
2005-10-21 00:00:00,1.42,113.24,9.03,SE
2005-10-21 03:00:00,1.41,111.590004,9.12,E
2005-10-21 06:00:00,1.3299999,110.48,8.97,E
2005-10-21 09:00:00,1.27,109.51,8.83,E
2005-10-21 12:00:00,1.23,108.310005,8.72,E
2005-10-21 15:00:00,1.1999999,107.19,8.65,E
2005-10-21 18:00:00,1.17,106.3,8.58,E
2005-10-21 21:00:00,1.14,106.270004,8.44,E
2005-10-22 00:00:00,1.06,106.18,8.05,E
2005-10-22 03:00:00,1.02,106.18,7.64,E
2005-10-22 06:00:00,0.98999995,104.68,7.3799996,E
2005-10-22 09:00:00,0.98999995,104.25,6.99,E
2005-10-22 12:00:00,0.98999995,103.71,6.8399997,E
2005-10-22 15:00:00,1.02,103.020004,12.179999,E
2005-10-22 18:00:00,1.03,102.28,11.759999,E
2005-10-22 21:00:00,1.06,101.01,11.44,E
2005-10-23 00:00:00,1.04,100.97,11.03,E
2005-10-23 03:00:00,1.01,101.41,10.78,E
2005-10-23 06:00:00,0.97999996,102.020004,10.59,E
2005-10-23 09:00:00,1.11,99.73,10.69,E
2005-10-23 12:00:00,1.17,96.79,10.349999,E
2005-10-23 15:00:00,1.09,95.91,9.9,E
2005-10-23 18:00:00,1.05,96.65,9.889999,E
2005-10-23 21:00:00,1.02,95.61,9.99,E
2005-10-24 00:00:00,0.97999996,88.33,9.74,E
2005-10-24 03:00:00,1.06,78.6,9.83,E
2005-10-24 06:00:00,1.2099999,65.71,4.5299997,NE
2005-10-24 09:00:00,1.4399999,53.410004,5.3199997,NE
2005-10-24 12:00:00,1.4499999,49.449997,5.79,NE
2005-10-24 15:00:00,1.3199999,51.699997,5.95,NE
2005-10-24 18:00:00,1.37,45.880005,5.7799997,NE
2005-10-24 21:00:00,1.35,44.490005,5.71,NE
2005-10-25 00:00:00,1.3399999,44.17,5.81,NE
2005-10-25 03:00:00,1.49,36.729996,5.95,NE
2005-10-25 06:00:00,1.5699999,33.660004,5.99,NE
2005-10-25 09:00:00,1.79,26.51001,6.15,NE
2005-10-25 12:00:00,1.75,25.919998,6.45,NE
2005-10-25 15:00:00,1.63,26.15001,6.54,NE
2005-10-25 18:00:00,1.4599999,28.350006,6.6099997,NE
2005-10-25 21:00:00,1.3,32.72,6.58,NE
2005-10-26 00:00:00,1.2099999,35.76001,6.5,NE
2005-10-26 03:00:00,1.17,37.930008,6.42,NE
2005-10-26 06:00:00,1.25,34.550003,6.0499997,NE
2005-10-26 09:00:00,1.31,34.160004,5.71,NE
2005-10-26 12:00:00,1.38,30.570007,5.77,NE
2005-10-26 15:00:00,1.39,27.520004,5.96,NE
2005-10-26 18:00:00,1.3399999,25.850006,5.98,NE
2005-10-26 21:00:00,1.26,23.800003,5.8799996,NE
2005-10-27 00:00:00,1.16,27.14,5.74,NE
2005-10-27 03:00:00,1.15,30.699997,5.47,NE
2005-10-27 06:00:00,1.2099999,32.37001,5.21,NE
2005-10-27 09:00:00,1.1899999,36.229996,5.41,NE
2005-10-27 12:00:00,1.1,41.36,5.47,NE
2005-10-27 15:00:00,1.01,44.61,5.44,NE
2005-10-27 18:00:00,0.95,49.36,5.24,NE
2005-10-27 21:00:00,0.87,58.57,5.33,NE
2005-10-28 00:00:00,0.83,65.310005,8.49,NE
2005-10-28 03:00:00,0.89,62.620003,8.72,NE
2005-10-28 06:00:00,0.91999996,66.450005,8.78,NE
2005-10-28 09:00:00,0.90999997,72.490005,8.809999,E
2005-10-28 12:00:00,0.91999996,78.0,8.78,E
2005-10-28 15:00:00,0.94,81.79,8.679999,E
2005-10-28 18:00:00,0.94,84.0,8.49,E
2005-10-28 21:00:00,0.95,85.8,8.38,E
2005-10-29 00:00:00,0.95,87.090004,8.41,E
2005-10-29 03:00:00,0.97999996,84.91,8.42,E
2005-10-29 06:00:00,1.0,84.130005,8.48,E
2005-10-29 09:00:00,1.03,82.920006,8.51,E
2005-10-29 12:00:00,1.06,82.3,8.5,E
2005-10-29 15:00:00,1.05,82.53,8.46,E
2005-10-29 18:00:00,1.04,82.920006,8.48,E
2005-10-29 21:00:00,1.02,84.020004,8.559999,E
2005-10-30 00:00:00,1.01,84.950005,8.61,E
2005-10-30 03:00:00,1.02,83.07,8.59,E
2005-10-30 06:00:00,1.04,81.71,8.55,E
2005-10-30 09:00:00,1.06,80.55,8.51,E
2005-10-30 12:00:00,1.12,78.51,8.58,E
2005-10-30 15:00:00,1.13,77.880005,8.61,E
2005-10-30 18:00:00,1.11,79.6,8.67,E
2005-10-30 21:00:00,1.0799999,81.520004,8.72,E
2005-10-31 00:00:00,1.05,83.05,8.71,E
2005-10-31 03:00:00,1.02,83.26,8.65,E
2005-10-31 06:00:00,1.01,82.64,8.55,E
2005-10-31 09:00:00,1.02,82.29,8.49,E
2005-10-31 12:00:00,1.02,82.19,8.46,E
2005-10-31 15:00:00,1.0,82.51,8.37,E
2005-10-31 18:00:00,0.97999996,82.78,8.29,E
2005-10-31 21:00:00,0.95,83.14,8.22,E
2005-11-01 00:00:00,0.91999996,83.240005,8.16,E
2005-11-01 03:00:00,1.01,106.05,8.13,E
2005-11-01 06:00:00,0.94,91.22,8.099999,E
2005-11-01 09:00:00,0.91999996,85.82,8.08,E
2005-11-01 12:00:00,0.96,83.01,8.04,E
2005-11-01 15:00:00,1.01,81.5,7.99,E
2005-11-01 18:00:00,1.03,80.840004,7.95,E
2005-11-01 21:00:00,1.0699999,80.8,7.93,E
2005-11-02 00:00:00,1.1,80.240005,7.68,E
2005-11-02 03:00:00,1.0799999,79.36,6.66,E
2005-11-02 06:00:00,1.14,80.04,6.68,E
2005-11-02 09:00:00,1.1999999,80.48,7.25,E
2005-11-02 12:00:00,1.27,80.48,7.5099998,E
2005-11-02 15:00:00,1.25,80.19,7.52,E
2005-11-02 18:00:00,1.26,80.69,7.62,E
2005-11-02 21:00:00,1.27,82.020004,7.69,E
2005-11-03 00:00:00,1.31,83.26,7.77,E
2005-11-03 03:00:00,1.35,84.39,7.91,E
2005-11-03 06:00:00,1.38,85.39,8.07,E
2005-11-03 09:00:00,1.39,86.1,8.19,E
2005-11-03 12:00:00,1.4,86.130005,8.24,E
2005-11-03 15:00:00,1.35,86.240005,8.139999,E
2005-11-03 18:00:00,1.38,85.41,8.16,E
2005-11-03 21:00:00,1.42,83.64,8.179999,E
2005-11-04 00:00:00,1.48,81.43,8.25,E
2005-11-04 03:00:00,1.54,78.950005,8.37,E
2005-11-04 06:00:00,1.5799999,76.89,8.55,E
2005-11-04 09:00:00,1.5699999,75.270004,8.72,E
2005-11-04 12:00:00,1.54,74.28,8.809999,E
2005-11-04 15:00:00,1.51,73.64,8.83,E
2005-11-04 18:00:00,1.48,73.54,8.87,E
2005-11-04 21:00:00,1.4,74.69,8.8,E
2005-11-05 00:00:00,1.3299999,75.44,8.75,E
2005-11-05 03:00:00,1.29,75.37,8.7,E
2005-11-05 06:00:00,1.3,73.86,8.73,E
2005-11-05 09:00:00,1.27,72.520004,8.53,E
2005-11-05 12:00:00,1.25,69.990005,8.3,E
2005-11-05 15:00:00,1.22,67.66,8.08,E
2005-11-05 18:00:00,1.1899999,66.310005,7.98,NE
2005-11-05 21:00:00,1.18,62.21,7.99,NE
2005-11-06 00:00:00,1.16,64.060005,8.26,NE
2005-11-06 03:00:00,1.12,76.060005,8.389999,E
2005-11-06 06:00:00,1.26,111.98,8.23,E
2005-11-06 09:00:00,1.4399999,140.06,6.2599998,SE
2005-11-06 12:00:00,1.51,147.37,6.27,SE
2005-11-06 15:00:00,1.4699999,147.38,6.06,SE
2005-11-06 18:00:00,1.39,142.81,6.04,SE
2005-11-06 21:00:00,1.3399999,139.5,6.0099998,SE
2005-11-07 00:00:00,1.29,137.04001,5.94,SE
2005-11-07 03:00:00,1.23,133.78,5.7999997,SE
2005-11-07 06:00:00,1.2099999,131.77,5.74,SE
2005-11-07 09:00:00,1.22,131.63,5.6299996,SE
2005-11-07 12:00:00,1.18,130.02,5.67,SE
2005-11-07 15:00:00,1.13,127.03,5.74,SE
2005-11-07 18:00:00,1.11,121.68,5.8799996,SE
2005-11-07 21:00:00,1.0799999,114.48,6.0099998,SE
2005-11-08 00:00:00,1.0799999,106.73,6.0699997,E
2005-11-08 03:00:00,1.0699999,100.66,6.0699997,E
2005-11-08 06:00:00,1.04,96.75,6.0699997,E
2005-11-08 09:00:00,1.02,93.18,6.08,E
2005-11-08 12:00:00,1.03,89.46,6.0699997,E
2005-11-08 15:00:00,1.05,86.19,5.9,E
2005-11-08 18:00:00,1.03,86.0,5.96,E
2005-11-08 21:00:00,0.97999996,88.090004,6.16,E
2005-11-09 00:00:00,0.95,88.090004,6.22,E
2005-11-09 03:00:00,0.97999996,79.4,6.19,E
2005-11-09 06:00:00,1.03,67.990005,6.0099998,E
2005-11-09 09:00:00,1.04,63.0,4.8599997,NE
2005-11-09 12:00:00,0.98999995,61.370003,4.9,NE
2005-11-09 15:00:00,0.91999996,59.310005,4.83,NE
2005-11-09 18:00:00,0.9,54.590004,4.68,NE
2005-11-09 21:00:00,0.90999997,45.75,4.58,NE
2005-11-10 00:00:00,0.95,38.64,4.6,NE
2005-11-10 03:00:00,1.02,32.460007,4.63,NE
2005-11-10 06:00:00,1.1,30.740005,4.81,NE
2005-11-10 09:00:00,1.2099999,28.580002,5.12,NE
2005-11-10 12:00:00,1.2099999,27.15001,5.46,NE
2005-11-10 15:00:00,1.16,22.949997,5.43,NE
2005-11-10 18:00:00,1.13,21.559998,5.5299997,N
2005-11-10 21:00:00,0.98999995,26.350006,5.5699997,NE
2005-11-11 00:00:00,0.84999996,36.680008,5.54,NE
2005-11-11 03:00:00,0.97999996,104.19,4.83,E
2005-11-11 06:00:00,1.1999999,129.47,4.93,SE
2005-11-11 09:00:00,1.3299999,131.32,5.52,SE
2005-11-11 12:00:00,1.36,130.84,6.02,SE
2005-11-11 15:00:00,1.31,130.56,6.22,SE
2005-11-11 18:00:00,1.3299999,129.95,6.5099998,SE
2005-11-11 21:00:00,1.2099999,130.05,6.5,SE
2005-11-12 00:00:00,1.12,130.94,6.5899997,SE
2005-11-12 03:00:00,1.17,131.03,7.1099997,SE
2005-11-12 06:00:00,1.0799999,128.33,7.0099998,SE
2005-11-12 09:00:00,1.09,122.4,7.58,SE
2005-11-12 12:00:00,1.0699999,116.92,9.179999,SE
2005-11-12 15:00:00,1.05,117.33,10.21,SE
2005-11-12 18:00:00,0.98999995,117.94,10.13,SE
2005-11-12 21:00:00,0.93,117.490005,9.889999,SE
2005-11-13 00:00:00,0.87,116.020004,9.63,SE
2005-11-13 03:00:00,0.84,114.42,9.179999,SE
2005-11-13 06:00:00,0.82,113.83,8.79,SE
2005-11-13 09:00:00,0.79999995,114.33,8.53,SE
2005-11-13 12:00:00,0.79999995,114.41,8.4,SE
2005-11-13 15:00:00,0.81,114.9,8.4,SE
2005-11-13 18:00:00,0.83,115.39,9.23,SE
2005-11-13 21:00:00,0.83,114.770004,10.71,SE
2005-11-14 00:00:00,0.83,112.8,10.639999,SE
2005-11-14 03:00:00,0.84999996,109.29,10.559999,E
2005-11-14 06:00:00,0.88,103.64,10.41,E
2005-11-14 09:00:00,0.90999997,97.79,10.21,E
2005-11-14 12:00:00,0.96,91.83,10.0,E
2005-11-14 15:00:00,1.0,86.22,9.8,E
2005-11-14 18:00:00,1.04,81.700005,6.97,E
2005-11-14 21:00:00,1.06,74.060005,6.91,E
2005-11-15 00:00:00,1.06,69.200005,6.91,E
2005-11-15 03:00:00,1.0699999,62.980003,7.06,NE
2005-11-15 06:00:00,1.15,46.710007,5.14,NE
2005-11-15 09:00:00,1.22,38.08,5.16,NE
2005-11-15 12:00:00,1.36,30.89,5.6299996,NE
2005-11-15 15:00:00,1.22,35.770004,5.79,NE
2005-11-15 18:00:00,1.43,113.87,5.74,SE
2005-11-15 21:00:00,2.05,172.51,6.2599998,S
2005-11-16 00:00:00,2.26,170.93,6.91,S
2005-11-16 03:00:00,2.69,167.42,7.2999997,S
2005-11-16 06:00:00,2.84,167.56,9.83,S
2005-11-16 09:00:00,3.12,168.94,10.809999,S
2005-11-16 12:00:00,3.31,169.13,11.61,S
2005-11-16 15:00:00,3.33,167.35,11.84,S
2005-11-16 18:00:00,3.1699998,165.45,11.84,S
2005-11-16 21:00:00,2.98,163.54001,11.63,S
2005-11-17 00:00:00,2.87,160.84,11.309999,S
2005-11-17 03:00:00,2.87,158.84,10.889999,S
2005-11-17 06:00:00,2.78,157.41,10.66,SE
2005-11-17 09:00:00,2.6299999,155.6,10.51,SE
2005-11-17 12:00:00,2.49,152.35,10.24,SE
2005-11-17 15:00:00,2.28,148.01,9.969999,SE
2005-11-17 18:00:00,2.09,144.54001,9.7699995,SE
2005-11-17 21:00:00,1.93,142.18,9.559999,SE
2005-11-18 00:00:00,1.78,139.25,9.2699995,SE
2005-11-18 03:00:00,1.64,136.17,9.059999,SE
2005-11-18 06:00:00,1.54,133.25,8.9,SE
2005-11-18 09:00:00,1.4599999,129.95,8.76,SE
2005-11-18 12:00:00,1.51,127.37,9.03,SE
2005-11-18 15:00:00,1.29,125.46001,8.42,SE
2005-11-18 18:00:00,1.22,124.270004,8.28,SE
2005-11-18 21:00:00,1.16,123.490005,8.15,SE
2005-11-19 00:00:00,1.14,122.95,8.17,SE
2005-11-19 03:00:00,1.15,120.2,8.26,SE
2005-11-19 06:00:00,1.12,111.21,8.139999,E
2005-11-19 09:00:00,1.09,106.130005,8.139999,E
2005-11-19 12:00:00,1.05,104.47,8.12,E
2005-11-19 15:00:00,1.01,103.21,8.059999,E
2005-11-19 18:00:00,0.96999997,101.22,7.98,E
2005-11-19 21:00:00,0.93,99.92,7.8599997,E
2005-11-20 00:00:00,0.89,99.37,7.74,E
2005-11-20 03:00:00,0.9,91.58,7.69,E
2005-11-20 06:00:00,0.9,88.6,7.72,E
2005-11-20 09:00:00,0.88,90.200005,7.7999997,E
2005-11-20 12:00:00,0.84999996,93.44,7.8999996,E
2005-11-20 15:00:00,0.83,97.21,7.94,E
2005-11-20 18:00:00,0.85999995,104.57,8.0,E
2005-11-20 21:00:00,0.91999996,117.21001,7.95,SE
2005-11-21 00:00:00,0.98999995,125.61,7.79,SE
2005-11-21 03:00:00,1.0699999,129.3,7.5899997,SE
2005-11-21 06:00:00,1.0699999,128.36,7.4199996,SE
2005-11-21 09:00:00,1.05,125.490005,6.67,SE
2005-11-21 12:00:00,1.06,123.270004,6.68,SE
2005-11-21 15:00:00,1.06,122.45,6.72,SE
2005-11-21 18:00:00,1.05,122.66,8.2699995,SE
2005-11-21 21:00:00,1.05,122.56,10.9,SE
2005-11-22 00:00:00,1.0,122.42,10.48,SE
2005-11-22 03:00:00,1.18,122.09,10.84,SE
2005-11-22 06:00:00,1.03,120.22,9.61,SE
2005-11-22 09:00:00,0.96999997,119.729996,9.3,SE
2005-11-22 12:00:00,0.94,119.46001,9.01,SE
2005-11-22 15:00:00,0.93,119.47,8.9,SE
2005-11-22 18:00:00,0.90999997,119.87,8.78,SE
2005-11-22 21:00:00,0.88,119.09,8.58,SE
2005-11-23 00:00:00,0.85999995,117.81,8.45,SE
2005-11-23 03:00:00,0.84999996,116.29,8.37,SE
2005-11-23 06:00:00,0.83,114.83,8.32,SE
2005-11-23 09:00:00,0.83,113.26,8.21,SE
2005-11-23 12:00:00,0.83,112.020004,8.07,E
2005-11-23 15:00:00,0.83,111.58,7.89,E
2005-11-23 18:00:00,0.75,110.53,7.2799997,E
2005-11-23 21:00:00,0.72999996,110.98,6.6499996,E
2005-11-24 00:00:00,0.72999996,111.15,6.6499996,E
2005-11-24 03:00:00,0.82,117.61,6.7,SE
2005-11-24 06:00:00,0.97999996,124.64,6.74,SE
2005-11-24 09:00:00,1.0,123.12,4.66,SE
2005-11-24 12:00:00,1.0,121.86,5.3399997,SE
2005-11-24 15:00:00,1.18,122.01,6.16,SE
2005-11-24 18:00:00,1.16,119.130005,6.18,SE
2005-11-24 21:00:00,1.13,117.93,6.25,SE
2005-11-25 00:00:00,1.09,118.22,6.31,SE
2005-11-25 03:00:00,1.04,121.84,6.47,SE
2005-11-25 06:00:00,1.04,121.45,6.73,SE
2005-11-25 09:00:00,1.09,114.67,6.73,SE
2005-11-25 12:00:00,1.11,110.12,6.5899997,E
2005-11-25 15:00:00,1.0699999,111.200005,6.64,E
2005-11-25 18:00:00,1.01,114.590004,6.92,SE
2005-11-25 21:00:00,0.96999997,119.01,7.04,SE
2005-11-26 00:00:00,0.94,122.16,7.06,SE
2005-11-26 03:00:00,0.91999996,122.62,7.0299997,SE
2005-11-26 06:00:00,0.93,119.65,6.96,SE
2005-11-26 09:00:00,0.94,116.729996,6.8799996,SE
2005-11-26 12:00:00,0.94,113.3,6.8199997,SE
2005-11-26 15:00:00,0.95,107.55,6.79,E
2005-11-26 18:00:00,0.9,101.85,6.7,E
2005-11-26 21:00:00,0.87,99.560005,6.62,E
2005-11-27 00:00:00,0.91999996,81.47,6.54,E
2005-11-27 03:00:00,1.0799999,51.740005,4.2,NE
2005-11-27 06:00:00,1.11,43.90001,4.77,NE
2005-11-27 09:00:00,1.09,39.820007,5.16,NE
2005-11-27 12:00:00,1.04,36.62001,5.46,NE
2005-11-27 15:00:00,1.14,107.91,5.56,E
2005-11-27 18:00:00,1.37,158.73,5.66,S
2005-11-27 21:00:00,1.48,161.2,6.45,S
2005-11-28 00:00:00,1.67,158.32,7.3799996,S
2005-11-28 03:00:00,1.53,153.4,8.22,SE
2005-11-28 06:00:00,1.5,147.57,8.36,SE
2005-11-28 09:00:00,1.5,143.87,8.46,SE
2005-11-28 12:00:00,1.48,141.49,7.33,SE
2005-11-28 15:00:00,1.42,140.97,7.45,SE
2005-11-28 18:00:00,1.39,141.99,9.599999,SE
2005-11-28 21:00:00,1.36,142.38,9.7699995,SE
2005-11-29 00:00:00,1.35,141.43,9.969999,SE
2005-11-29 03:00:00,1.3299999,139.65,10.139999,SE
2005-11-29 06:00:00,1.3199999,136.89,10.19,SE
2005-11-29 09:00:00,1.3199999,132.99,10.08,SE
2005-11-29 12:00:00,1.31,128.69,9.9,SE
2005-11-29 15:00:00,1.3,124.14,9.639999,SE
2005-11-29 18:00:00,1.3199999,120.4,9.389999,SE
2005-11-29 21:00:00,1.31,117.44,9.099999,SE
2005-11-30 00:00:00,1.31,114.85,8.91,SE
2005-11-30 03:00:00,1.3299999,111.48,8.78,E
2005-11-30 06:00:00,1.39,104.770004,8.679999,E
2005-11-30 09:00:00,1.4399999,98.700005,8.51,E
2005-11-30 12:00:00,1.4699999,93.950005,8.32,E
2005-11-30 15:00:00,1.4699999,90.54,8.15,E
2005-11-30 18:00:00,1.4499999,87.68,8.03,E
2005-11-30 21:00:00,1.43,83.8,7.95,E
2005-12-01 00:00:00,1.43,81.65,7.8799996,E
2005-12-01 03:00:00,1.43,95.17,7.85,E
2005-12-01 06:00:00,1.4699999,79.61,7.8399997,E
2005-12-01 09:00:00,1.5,74.82,7.71,E
2005-12-01 12:00:00,1.56,73.05,7.37,E
2005-12-01 15:00:00,1.62,71.58,7.24,E
2005-12-01 18:00:00,1.5699999,71.770004,7.25,E
2005-12-01 21:00:00,1.52,71.03,7.24,E
2005-12-02 00:00:00,1.65,71.01,7.49,E
2005-12-02 03:00:00,1.53,69.670006,7.47,E
2005-12-02 06:00:00,1.53,59.350006,11.7,NE
2005-12-02 09:00:00,1.55,50.87001,5.95,NE
2005-12-02 12:00:00,1.51,47.83,6.0099998,NE
2005-12-02 15:00:00,1.42,49.050003,6.21,NE
2005-12-02 18:00:00,1.3199999,50.729996,6.5099998,NE
2005-12-02 21:00:00,1.25,51.589996,7.12,NE
2005-12-03 00:00:00,1.16,58.410004,7.2599998,NE
2005-12-03 03:00:00,1.0699999,65.29,7.3399997,NE
2005-12-03 06:00:00,1.03,67.990005,7.37,E
2005-12-03 09:00:00,1.0,67.920006,7.3599997,E
2005-12-03 12:00:00,0.95,71.16,7.33,E
2005-12-03 15:00:00,0.9,74.69,7.35,E
2005-12-03 18:00:00,0.87,76.78,7.3599997,E
2005-12-03 21:00:00,0.84999996,78.01,7.3599997,E
2005-12-04 00:00:00,0.82,78.950005,7.37,E
2005-12-04 03:00:00,0.81,80.25,7.37,E
2005-12-04 06:00:00,0.85999995,75.93,7.35,E
2005-12-04 09:00:00,0.9,71.950005,7.31,E
2005-12-04 12:00:00,0.98999995,66.55,7.49,NE
2005-12-04 15:00:00,1.02,61.82,7.7599998,NE
2005-12-04 18:00:00,0.98999995,59.83,7.89,NE
2005-12-04 21:00:00,0.90999997,61.980003,7.83,NE
2005-12-05 00:00:00,0.83,65.51,7.73,NE
2005-12-05 03:00:00,0.81,62.9,7.7599998,NE
2005-12-05 06:00:00,0.88,53.530006,7.7599998,NE
2005-12-05 09:00:00,0.93,47.380005,7.79,NE
2005-12-05 12:00:00,0.94,45.559998,4.77,NE
2005-12-05 15:00:00,0.89,48.47,5.0699997,NE
2005-12-05 18:00:00,0.84,48.79001,5.23,NE
2005-12-05 21:00:00,0.94,34.39,4.93,NE
2005-12-06 00:00:00,1.0799999,22.87001,5.1,NE
2005-12-06 03:00:00,1.14,21.029999,5.22,N
2005-12-06 06:00:00,0.96,22.540009,4.81,NE
2005-12-06 09:00:00,0.95,25.480011,4.7999997,NE
2005-12-06 12:00:00,1.0799999,24.059998,5.15,NE
2005-12-06 15:00:00,1.24,20.51001,5.5299997,N
2005-12-06 18:00:00,1.37,15.839996,5.71,N
2005-12-06 21:00:00,1.4699999,9.970001,5.83,N
2005-12-07 00:00:00,1.39,11.900009,5.93,N
2005-12-07 03:00:00,1.39,15.380005,5.81,N
2005-12-07 06:00:00,1.4699999,18.480011,5.8199997,N
2005-12-07 09:00:00,1.42,20.720001,6.02,N
2005-12-07 12:00:00,1.3199999,19.690002,5.8399997,N
2005-12-07 15:00:00,1.4,15.360001,6.0099998,N
2005-12-07 18:00:00,1.3,12.540009,5.7599998,N
2005-12-07 21:00:00,1.28,11.01001,5.89,N
2005-12-08 00:00:00,1.16,12.190002,5.79,N
2005-12-08 03:00:00,1.2099999,15.230011,5.6,N
2005-12-08 06:00:00,1.1899999,18.070007,5.5699997,N
2005-12-08 09:00:00,1.17,18.949997,5.67,N
2005-12-08 12:00:00,1.23,16.779999,5.7999997,N
2005-12-08 15:00:00,1.1899999,15.01001,5.8599997,N
2005-12-08 18:00:00,1.0699999,13.320007,5.73,N
2005-12-08 21:00:00,0.96999997,13.220001,5.6299996,N
2005-12-09 00:00:00,0.84999996,17.710007,5.64,N
2005-12-09 03:00:00,0.72999996,25.87001,5.7,NE
2005-12-09 06:00:00,0.66999996,48.460007,5.62,NE
2005-12-09 09:00:00,0.68,77.68,5.72,E
2005-12-09 12:00:00,0.66999996,89.85,5.77,E
2005-12-09 15:00:00,0.65999997,97.61,5.67,E
2005-12-09 18:00:00,0.64,100.29,5.48,E
2005-12-09 21:00:00,0.62,101.29,5.39,E
2005-12-10 00:00:00,0.59,101.12,5.42,E
2005-12-10 03:00:00,0.57,99.16,5.5,E
2005-12-10 06:00:00,0.59999996,87.520004,6.73,E
2005-12-10 09:00:00,0.59,87.590004,6.85,E
2005-12-10 12:00:00,0.56,93.770004,6.89,E
2005-12-10 15:00:00,0.53999996,98.18,6.92,E
2005-12-10 18:00:00,0.52,99.76,6.8999996,E
2005-12-10 21:00:00,0.51,101.25,6.87,E
2005-12-11 00:00:00,0.52,106.66,6.68,E
2005-12-11 03:00:00,0.59,118.93,4.94,SE
2005-12-11 06:00:00,0.66999996,123.71001,3.6399999,SE
2005-12-11 09:00:00,0.75,126.64,4.0099998,SE
2005-12-11 12:00:00,0.87,132.38,4.6,SE
2005-12-11 15:00:00,0.97999996,139.23,7.25,SE
2005-12-11 18:00:00,1.09,144.4,7.6499996,SE
2005-12-11 21:00:00,1.17,148.37,7.5,SE
2005-12-12 00:00:00,1.27,151.66,7.5299997,SE
2005-12-12 03:00:00,1.26,150.76,7.29,SE
2005-12-12 06:00:00,1.1999999,148.7,8.5199995,SE
2005-12-12 09:00:00,1.23,146.2,8.889999,SE
2005-12-12 12:00:00,1.22,144.28,9.62,SE
2005-12-12 15:00:00,1.18,142.81,9.53,SE
2005-12-12 18:00:00,1.14,139.87,9.15,SE
2005-12-12 21:00:00,1.09,135.95,8.87,SE
2005-12-13 00:00:00,1.0699999,129.84,8.67,SE
2005-12-13 03:00:00,1.04,117.130005,8.5199995,SE
2005-12-13 06:00:00,0.96999997,113.020004,8.38,SE
2005-12-13 09:00:00,0.9,112.340004,8.24,E
2005-12-13 12:00:00,0.87,103.26,8.09,E
2005-12-13 15:00:00,0.89,85.68,6.77,E
2005-12-13 18:00:00,0.9,79.79,6.6,E
2005-12-13 21:00:00,0.85999995,93.450005,6.77,E
2005-12-14 00:00:00,0.84999996,107.57,7.08,E
2005-12-14 03:00:00,0.93,130.93,8.49,SE
2005-12-14 06:00:00,1.18,142.93,5.98,SE
2005-12-14 09:00:00,1.28,148.98,5.3599997,SE
2005-12-14 12:00:00,1.42,155.19,5.97,SE
2005-12-14 15:00:00,1.56,157.44,6.0899997,SE
2005-12-14 18:00:00,1.5899999,156.42,6.23,SE
2005-12-14 21:00:00,1.54,151.21,6.3399997,SE
2005-12-15 00:00:00,1.4599999,141.78,6.43,SE
2005-12-15 03:00:00,1.38,134.15,6.49,SE
2005-12-15 06:00:00,1.3199999,129.16,6.5299997,SE
2005-12-15 09:00:00,1.3,125.09,6.5,SE
2005-12-15 12:00:00,1.25,120.990005,6.42,SE
2005-12-15 15:00:00,1.18,118.0,6.3799996,SE
2005-12-15 18:00:00,1.1,115.35,6.31,SE
2005-12-15 21:00:00,1.05,111.96,6.23,E
2005-12-16 00:00:00,1.0,107.97,6.17,E
2005-12-16 03:00:00,0.96999997,102.0,6.1099997,E
2005-12-16 06:00:00,1.01,87.29,6.06,E
2005-12-16 09:00:00,1.09,70.11,5.0699997,E
2005-12-16 12:00:00,1.1,62.47,5.02,NE
2005-12-16 15:00:00,1.03,65.340004,5.19,NE
2005-12-16 18:00:00,0.97999996,65.770004,5.2999997,NE
2005-12-16 21:00:00,0.91999996,69.600006,5.46,E
2005-12-17 00:00:00,0.85999995,76.61,5.65,E
2005-12-17 03:00:00,0.85999995,75.73,5.96,E
2005-12-17 06:00:00,0.85999995,74.490005,6.16,E
2005-12-17 09:00:00,0.89,64.880005,9.32,NE
2005-12-17 12:00:00,0.88,55.590004,9.179999,NE
2005-12-17 15:00:00,0.9,43.020004,7.75,NE
2005-12-17 18:00:00,0.88,39.430008,6.23,NE
2005-12-17 21:00:00,0.83,39.64,6.46,NE
2005-12-18 00:00:00,0.85999995,57.510002,6.6099997,NE
2005-12-18 03:00:00,1.04,116.8,6.52,SE
2005-12-18 06:00:00,1.03,118.72,5.67,SE
2005-12-18 09:00:00,0.97999996,115.54,5.95,SE
2005-12-18 12:00:00,0.95,114.64,6.0,SE
2005-12-18 15:00:00,0.9,115.32,5.98,SE
2005-12-18 18:00:00,0.84999996,116.880005,5.99,SE
2005-12-18 21:00:00,0.78999996,117.94,5.99,SE
2005-12-19 00:00:00,0.74,119.43,6.0299997,SE
2005-12-19 03:00:00,0.71999997,122.51,6.0899997,SE
2005-12-19 06:00:00,0.75,123.7,6.17,SE
2005-12-19 09:00:00,0.83,127.28,6.23,SE
2005-12-19 12:00:00,0.90999997,131.0,7.6699996,SE
2005-12-19 15:00:00,0.97999996,133.35,7.7,SE
2005-12-19 18:00:00,1.04,136.24,7.74,SE
2005-12-19 21:00:00,1.09,140.48,10.09,SE
2005-12-20 00:00:00,1.11,143.59,10.059999,SE
2005-12-20 03:00:00,1.1,144.58,9.929999,SE
2005-12-20 06:00:00,1.1,137.43,9.7699995,SE
2005-12-20 09:00:00,1.06,130.21,9.559999,SE
2005-12-20 12:00:00,0.95,125.270004,8.86,SE
2005-12-20 15:00:00,0.91999996,124.46001,8.67,SE
2005-12-20 18:00:00,0.87,125.240005,8.4,SE
2005-12-20 21:00:00,0.82,127.12,8.19,SE
2005-12-21 00:00:00,0.77,129.12,8.099999,SE
2005-12-21 03:00:00,0.75,128.63,8.19,SE
2005-12-21 06:00:00,0.82,109.340004,8.49,E
2005-12-21 09:00:00,0.82,98.450005,9.12,E
2005-12-21 12:00:00,0.83,90.490005,9.349999,E
2005-12-21 15:00:00,0.83,78.94,9.21,E
2005-12-21 18:00:00,0.83,56.350006,8.94,NE
2005-12-21 21:00:00,0.85999995,39.880005,8.889999,NE
2005-12-22 00:00:00,0.83,33.42,4.5299997,NE
2005-12-22 03:00:00,0.91999996,24.520004,4.14,NE
2005-12-22 06:00:00,1.0799999,21.25,4.5499997,N
2005-12-22 09:00:00,1.06,23.480011,4.96,NE
2005-12-22 12:00:00,0.96999997,26.12001,5.0299997,NE
2005-12-22 15:00:00,0.89,27.410004,5.02,NE
2005-12-22 18:00:00,0.84999996,27.070007,5.0,NE
2005-12-22 21:00:00,0.84999996,24.130005,4.94,NE
2005-12-23 00:00:00,0.83,23.980011,4.8599997,NE
2005-12-23 03:00:00,0.87,24.37001,4.66,NE
2005-12-23 06:00:00,0.87,24.86,4.46,NE
2005-12-23 09:00:00,0.81,28.460007,4.45,NE
2005-12-23 12:00:00,0.82,27.410004,4.5699997,NE
2005-12-23 15:00:00,0.91999996,19.059998,4.75,N
2005-12-23 18:00:00,1.0,12.029999,5.06,N
2005-12-23 21:00:00,1.04,4.9400024,5.16,N
2005-12-24 00:00:00,1.04,3.4700012,5.22,N
2005-12-24 03:00:00,1.1899999,6.800003,5.04,N
2005-12-24 06:00:00,1.31,10.639999,5.39,N
2005-12-24 09:00:00,1.3199999,12.190002,5.79,N
2005-12-24 12:00:00,1.31,11.639999,6.0299997,N
2005-12-24 15:00:00,1.3,9.419998,6.1299996,N
2005-12-24 18:00:00,1.13,7.150009,5.8599997,N
2005-12-24 21:00:00,1.1,6.880005,6.19,N
2005-12-25 00:00:00,0.96,10.059998,6.24,N
2005-12-25 03:00:00,0.81,16.36,6.27,N
2005-12-25 06:00:00,0.76,26.089996,6.22,NE
2005-12-25 09:00:00,0.84,42.570007,6.1099997,NE
2005-12-25 12:00:00,0.91999996,44.53,6.1299996,NE
2005-12-25 15:00:00,1.0699999,29.940002,6.1,NE
2005-12-25 18:00:00,1.04,37.54001,6.2,NE
2005-12-25 21:00:00,0.94,60.240005,6.22,NE
2005-12-26 00:00:00,0.85999995,83.22,6.19,E
2005-12-26 03:00:00,0.81,98.6,6.16,E
2005-12-26 06:00:00,0.79999995,108.51,6.1299996,E
2005-12-26 09:00:00,0.78999996,113.76,6.0899997,SE
2005-12-26 12:00:00,0.77,116.31,5.99,SE
2005-12-26 15:00:00,0.75,116.770004,5.6299996,SE
2005-12-26 18:00:00,0.72999996,116.130005,5.42,SE
2005-12-26 21:00:00,0.71999997,116.59,5.3399997,SE
2005-12-27 00:00:00,0.71999997,117.72,5.37,SE
2005-12-27 03:00:00,0.75,112.69,9.55,SE
2005-12-27 06:00:00,0.81,89.69,8.99,E
2005-12-27 09:00:00,0.84,72.82,7.91,E
2005-12-27 12:00:00,0.84999996,61.240005,4.5899997,NE
2005-12-27 15:00:00,0.88,45.86,4.75,NE
2005-12-27 18:00:00,0.89,37.39,4.88,NE
2005-12-27 21:00:00,0.81,32.350006,4.81,NE
2005-12-28 00:00:00,0.78,30.960007,4.73,NE
2005-12-28 03:00:00,0.85999995,24.440002,4.14,NE
2005-12-28 06:00:00,0.95,21.839996,4.42,N
2005-12-28 09:00:00,0.96,22.690002,4.7999997,NE
2005-12-28 12:00:00,0.97999996,23.690002,5.18,NE
2005-12-28 15:00:00,1.12,23.180008,5.5,NE
2005-12-28 18:00:00,1.14,18.320007,5.5299997,N
2005-12-28 21:00:00,1.0699999,10.540009,5.49,N
2005-12-29 00:00:00,0.9,12.419998,5.54,N
2005-12-29 03:00:00,0.76,22.580002,5.6,NE
2005-12-29 06:00:00,0.71,32.589996,5.5699997,NE
2005-12-29 09:00:00,0.71,36.940002,5.17,NE
2005-12-29 12:00:00,0.75,38.059998,4.7,NE
2005-12-29 15:00:00,0.77,38.03,4.81,NE
2005-12-29 18:00:00,0.75,38.070007,4.85,NE
2005-12-29 21:00:00,0.69,42.690002,4.85,NE
2005-12-30 00:00:00,0.64,55.68,4.95,NE
2005-12-30 03:00:00,0.64,68.62,5.1,E
2005-12-30 06:00:00,0.69,72.96,5.25,E
2005-12-30 09:00:00,0.79999995,71.740005,5.2,E
2005-12-30 12:00:00,0.90999997,70.880005,5.0099998,E
2005-12-30 15:00:00,0.95,73.22,5.21,E
2005-12-30 18:00:00,0.94,76.65,5.47,E
2005-12-30 21:00:00,0.88,79.670006,5.6099997,E
2005-12-31 00:00:00,0.87,82.32,5.7799997,E
2005-12-31 03:00:00,0.87,83.590004,5.95,E
2005-12-31 06:00:00,0.88,83.9,6.1299996,E
2005-12-31 09:00:00,0.91999996,83.41,6.33,E
2005-12-31 12:00:00,0.98999995,81.85,6.45,E
2005-12-31 15:00:00,1.05,79.520004,6.48,E
2005-12-31 18:00:00,1.0699999,77.630005,6.5299997,E
2005-12-31 21:00:00,1.0699999,77.340004,6.6299996,E
