Datetime,VHM0,VMDR,VTPK,CardinalDirection
1995-01-01 00:00:00,2.49,240.06,14.38,SW
1995-01-01 03:00:00,2.52,240.05,14.15,SW
1995-01-01 06:00:00,2.53,240.19,13.75,SW
1995-01-01 09:00:00,2.5,240.42,13.44,SW
1995-01-01 12:00:00,2.47,240.88,13.34,SW
1995-01-01 15:00:00,2.45,241.35,13.32,SW
1995-01-01 18:00:00,2.46,241.57,13.42,SW
1995-01-01 21:00:00,2.47,241.51,13.799999,SW
1995-01-02 00:00:00,2.4199998,241.48999,14.62,SW
1995-01-02 03:00:00,2.31,241.73,14.78,SW
1995-01-02 06:00:00,2.1599998,241.93,14.67,SW
1995-01-02 09:00:00,2.01,242.06,14.54,SW
1995-01-02 12:00:00,1.89,242.36,14.38,SW
1995-01-02 15:00:00,1.8299999,243.78,14.179999,SW
1995-01-02 18:00:00,1.81,247.01001,13.96,SW
1995-01-02 21:00:00,2.11,242.92,14.16,SW
1995-01-03 00:00:00,2.45,236.54,13.9,SW
1995-01-03 03:00:00,2.82,234.75,7.2599998,SW
1995-01-03 06:00:00,3.1599998,231.2,8.16,SW
1995-01-03 09:00:00,3.1299999,232.29,9.09,SW
1995-01-03 12:00:00,2.9199998,232.77,9.92,SW
1995-01-03 15:00:00,2.72,234.98999,11.599999,SW
1995-01-03 18:00:00,2.57,236.33,11.78,SW
1995-01-03 21:00:00,2.44,236.77,11.929999,SW
1995-01-04 00:00:00,2.27,237.31,12.15,SW
1995-01-04 03:00:00,2.19,236.38,12.29,SW
1995-01-04 06:00:00,2.21,235.03,12.309999,SW
1995-01-04 09:00:00,2.19,234.2,12.28,SW
1995-01-04 12:00:00,2.07,235.38,12.2699995,SW
1995-01-04 15:00:00,1.93,236.55,12.219999,SW
1995-01-04 18:00:00,1.8,236.93,12.17,SW
1995-01-04 21:00:00,1.7099999,236.97,12.139999,SW
1995-01-05 00:00:00,1.63,236.97,12.16,SW
1995-01-05 03:00:00,1.55,236.98999,12.04,SW
1995-01-05 06:00:00,1.49,236.23999,11.809999,SW
1995-01-05 09:00:00,1.41,235.68,11.559999,SW
1995-01-05 12:00:00,1.3199999,235.48999,11.2699995,SW
1995-01-05 15:00:00,1.24,235.5,11.059999,SW
1995-01-05 18:00:00,1.1899999,235.0,10.87,SW
1995-01-05 21:00:00,1.1899999,234.31,10.74,SW
1995-01-06 00:00:00,1.15,233.2,10.46,SW
1995-01-06 03:00:00,1.13,232.37,10.15,SW
1995-01-06 06:00:00,1.12,231.75,13.36,SW
1995-01-06 09:00:00,1.11,231.3,13.17,SW
1995-01-06 12:00:00,1.1,231.25,12.9,SW
1995-01-06 15:00:00,1.09,231.44,12.58,SW
1995-01-06 18:00:00,1.1,231.72,12.469999,SW
1995-01-06 21:00:00,1.0799999,232.01,12.42,SW
1995-01-07 00:00:00,1.06,232.3,12.45,SW
1995-01-07 03:00:00,1.03,232.66,12.58,SW
1995-01-07 06:00:00,0.97999996,233.09,12.5199995,SW
1995-01-07 09:00:00,0.9,233.68,12.11,SW
1995-01-07 12:00:00,0.85999995,234.73,12.0,SW
1995-01-07 15:00:00,0.82,236.15,12.0199995,SW
1995-01-07 18:00:00,0.84999996,240.81,12.62,SW
1995-01-07 21:00:00,0.93,250.37,13.549999,W
1995-01-08 00:00:00,1.0,253.85,14.0,W
1995-01-08 03:00:00,1.0699999,252.75,14.599999,W
1995-01-08 06:00:00,1.14,250.29999,15.259999,W
1995-01-08 09:00:00,1.22,247.7,15.36,W
1995-01-08 12:00:00,1.3399999,246.57,15.53,SW
1995-01-08 15:00:00,1.4699999,246.35,15.79,SW
1995-01-08 18:00:00,1.61,246.34,15.41,SW
1995-01-08 21:00:00,1.76,246.85,14.7699995,SW
1995-01-09 00:00:00,1.87,245.87,14.29,SW
1995-01-09 03:00:00,1.9399999,244.5,13.889999,SW
1995-01-09 06:00:00,1.9599999,243.42,13.42,SW
1995-01-09 09:00:00,1.92,242.08,13.54,SW
1995-01-09 12:00:00,1.8499999,240.91,13.5,SW
1995-01-09 15:00:00,1.79,239.98999,13.32,SW
1995-01-09 18:00:00,2.01,239.20999,14.16,SW
1995-01-09 21:00:00,1.91,238.45999,13.759999,SW
1995-01-10 00:00:00,1.81,237.73,13.42,SW
1995-01-10 03:00:00,1.75,236.95999,13.28,SW
1995-01-10 06:00:00,1.74,235.92,13.42,SW
1995-01-10 09:00:00,1.81,235.17,13.679999,SW
1995-01-10 12:00:00,1.75,234.88,13.309999,SW
1995-01-10 15:00:00,1.68,234.7,13.0199995,SW
1995-01-10 18:00:00,1.5799999,234.62,12.73,SW
1995-01-10 21:00:00,1.49,233.31,12.4,SW
1995-01-11 00:00:00,1.42,232.07,12.34,SW
1995-01-11 03:00:00,1.3299999,232.63,12.28,SW
1995-01-11 06:00:00,1.24,233.44,12.139999,SW
1995-01-11 09:00:00,1.16,233.6,12.009999,SW
1995-01-11 12:00:00,1.14,229.48999,11.87,SW
1995-01-11 15:00:00,1.11,224.61,11.74,SW
1995-01-11 18:00:00,1.11,219.38,11.74,SW
1995-01-11 21:00:00,1.0799999,220.5,11.82,SW
1995-01-12 00:00:00,0.98999995,227.41,11.809999,SW
1995-01-12 03:00:00,0.91999996,230.92,11.679999,SW
1995-01-12 06:00:00,0.89,231.62,11.42,SW
1995-01-12 09:00:00,0.88,231.2,11.139999,SW
1995-01-12 12:00:00,0.84,231.75,10.929999,SW
1995-01-12 15:00:00,0.82,232.23,10.74,SW
1995-01-12 18:00:00,0.81,232.66,10.5199995,SW
1995-01-12 21:00:00,0.82,232.95,10.2,SW
1995-01-13 00:00:00,0.83,233.23,16.16,SW
1995-01-13 03:00:00,0.88,233.47,15.5,SW
1995-01-13 06:00:00,0.93,233.17,15.049999,SW
1995-01-13 09:00:00,0.96,233.37,14.799999,SW
1995-01-13 12:00:00,1.0699999,233.69,15.41,SW
1995-01-13 15:00:00,1.15,233.62,15.23,SW
1995-01-13 18:00:00,1.0799999,233.70999,14.509999,SW
1995-01-13 21:00:00,1.05,233.9,13.969999,SW
1995-01-14 00:00:00,1.06,234.1,13.679999,SW
1995-01-14 03:00:00,1.11,234.45999,13.92,SW
1995-01-14 06:00:00,1.14,234.83,14.48,SW
1995-01-14 09:00:00,1.13,234.88,14.469999,SW
1995-01-14 12:00:00,1.14,234.92,14.62,SW
1995-01-14 15:00:00,1.18,234.89,14.73,SW
1995-01-14 18:00:00,1.25,234.92,14.679999,SW
1995-01-14 21:00:00,1.3199999,234.91,14.5199995,SW
1995-01-15 00:00:00,1.35,235.22,14.2699995,SW
1995-01-15 03:00:00,1.3399999,235.54,13.98,SW
1995-01-15 06:00:00,1.3299999,235.72,13.57,SW
1995-01-15 09:00:00,1.29,236.02,13.38,SW
1995-01-15 12:00:00,1.25,236.25,13.309999,SW
1995-01-15 15:00:00,1.22,236.36,13.36,SW
1995-01-15 18:00:00,1.1999999,236.31,13.429999,SW
1995-01-15 21:00:00,1.1899999,236.16,13.44,SW
1995-01-16 00:00:00,1.1899999,236.01,13.42,SW
1995-01-16 03:00:00,1.1899999,235.94,13.389999,SW
1995-01-16 06:00:00,1.1899999,236.0,13.299999,SW
1995-01-16 09:00:00,1.16,236.32,13.11,SW
1995-01-16 12:00:00,1.2099999,236.95,13.2,SW
1995-01-16 15:00:00,1.11,237.15,12.679999,SW
1995-01-16 18:00:00,1.05,237.4,12.2699995,SW
1995-01-16 21:00:00,1.05,237.7,12.24,SW
1995-01-17 00:00:00,1.04,237.98,12.38,SW
1995-01-17 03:00:00,1.01,237.68,12.5,SW
1995-01-17 06:00:00,1.03,237.4,12.809999,SW
1995-01-17 09:00:00,1.05,238.6,12.759999,SW
1995-01-17 12:00:00,1.0799999,238.95,12.67,SW
1995-01-17 15:00:00,1.15,237.16,18.57,SW
1995-01-17 18:00:00,1.25,235.2,17.8,SW
1995-01-17 21:00:00,1.39,233.33,17.289999,SW
1995-01-18 00:00:00,1.54,232.26,16.55,SW
1995-01-18 03:00:00,1.68,234.84,15.86,SW
1995-01-18 06:00:00,1.77,238.2,15.42,SW
1995-01-18 09:00:00,1.8199999,239.89,14.929999,SW
1995-01-18 12:00:00,1.81,240.86,14.679999,SW
1995-01-18 15:00:00,1.6999999,239.95,14.54,SW
1995-01-18 18:00:00,1.5899999,238.55,14.42,SW
1995-01-18 21:00:00,1.5,237.5,14.259999,SW
1995-01-19 00:00:00,1.42,236.88,14.049999,SW
1995-01-19 03:00:00,1.35,236.59,13.7699995,SW
1995-01-19 06:00:00,1.29,236.51,13.5199995,SW
1995-01-19 09:00:00,1.22,236.62,13.259999,SW
1995-01-19 12:00:00,1.13,236.87,12.94,SW
1995-01-19 15:00:00,1.11,234.9,12.74,SW
1995-01-19 18:00:00,1.3399999,228.48,13.75,SW
1995-01-19 21:00:00,1.14,223.65,12.87,SW
1995-01-20 00:00:00,1.09,206.64,12.19,SW
1995-01-20 03:00:00,0.93,221.59,11.87,SW
1995-01-20 06:00:00,0.75,231.09,11.01,SW
1995-01-20 09:00:00,0.77,232.26,11.23,SW
1995-01-20 12:00:00,0.79999995,220.73,11.23,SW
1995-01-20 15:00:00,0.88,188.24,11.139999,S
1995-01-20 18:00:00,1.0,119.22,11.08,SE
1995-01-20 21:00:00,1.18,82.47,4.25,E
1995-01-21 00:00:00,1.2099999,68.69,4.6,E
1995-01-21 03:00:00,1.1999999,65.79,4.6,NE
1995-01-21 06:00:00,1.17,67.55,4.5699997,E
1995-01-21 09:00:00,1.14,68.060005,4.5299997,E
1995-01-21 12:00:00,1.05,67.3,15.089999,NE
1995-01-21 15:00:00,1.02,62.72,14.559999,NE
1995-01-21 18:00:00,0.96,59.260002,4.17,NE
1995-01-21 21:00:00,0.97999996,47.33,4.16,NE
1995-01-22 00:00:00,0.9,27.779999,4.21,NE
1995-01-22 03:00:00,0.85999995,14.100006,4.17,N
1995-01-22 06:00:00,0.81,5.3200073,4.15,N
1995-01-22 09:00:00,0.77,3.9700012,3.9199998,N
1995-01-22 12:00:00,0.68,349.28,14.2699995,N
1995-01-22 15:00:00,0.61,321.22,14.839999,NW
1995-01-22 18:00:00,0.59999996,291.03,14.67,W
1995-01-22 21:00:00,0.71,269.25,14.5,W
1995-01-23 00:00:00,0.93,258.44,14.29,W
1995-01-23 03:00:00,1.25,251.7,14.08,W
1995-01-23 06:00:00,1.65,246.13,14.179999,SW
1995-01-23 09:00:00,2.06,241.92,15.049999,SW
1995-01-23 12:00:00,2.36,239.3,15.469999,SW
1995-01-23 15:00:00,2.51,237.81,15.36,SW
1995-01-23 18:00:00,2.48,236.98,15.12,SW
1995-01-23 21:00:00,2.35,236.62,14.95,SW
1995-01-24 00:00:00,2.21,236.6,14.809999,SW
1995-01-24 03:00:00,2.07,236.69,14.63,SW
1995-01-24 06:00:00,1.93,236.55,14.38,SW
1995-01-24 09:00:00,1.81,236.48999,14.099999,SW
1995-01-24 12:00:00,1.6999999,237.0,13.759999,SW
1995-01-24 15:00:00,1.5899999,237.53,13.46,SW
1995-01-24 18:00:00,1.51,237.6,13.42,SW
1995-01-24 21:00:00,1.4399999,237.66,13.4,SW
1995-01-25 00:00:00,1.35,237.81,13.16,SW
1995-01-25 03:00:00,1.27,238.08,12.83,SW
1995-01-25 06:00:00,1.18,238.59,12.3,SW
1995-01-25 09:00:00,1.11,239.23999,12.009999,SW
1995-01-25 12:00:00,1.06,240.23,11.809999,SW
1995-01-25 15:00:00,1.06,244.48999,11.639999,SW
1995-01-25 18:00:00,1.06,248.01001,11.57,W
1995-01-25 21:00:00,1.11,255.16,11.639999,W
1995-01-26 00:00:00,1.1,257.0,17.039999,W
1995-01-26 03:00:00,1.1,257.53,15.99,W
1995-01-26 06:00:00,1.15,265.16,15.25,W
1995-01-26 09:00:00,1.26,280.91998,14.7,W
1995-01-26 12:00:00,1.31,286.24,14.46,W
1995-01-26 15:00:00,1.37,290.01,14.34,W
1995-01-26 18:00:00,1.4499999,293.02,14.2,NW
1995-01-26 21:00:00,1.53,292.12,14.179999,W
1995-01-27 00:00:00,1.5999999,289.07,14.219999,W
1995-01-27 03:00:00,1.68,291.07,14.16,W
1995-01-27 06:00:00,1.76,289.89,13.99,W
1995-01-27 09:00:00,1.7099999,280.55,13.7,W
1995-01-27 12:00:00,1.5799999,271.6,13.32,W
1995-01-27 15:00:00,1.4699999,263.78,13.009999,W
1995-01-27 18:00:00,1.38,256.33002,12.75,W
1995-01-27 21:00:00,1.3399999,248.85,12.679999,W
1995-01-28 00:00:00,1.37,243.42,12.67,SW
1995-01-28 03:00:00,1.49,239.45,12.32,SW
1995-01-28 06:00:00,1.61,237.53,11.99,SW
1995-01-28 09:00:00,1.68,236.48999,11.8,SW
1995-01-28 12:00:00,1.7099999,235.58,11.79,SW
1995-01-28 15:00:00,1.73,233.82,11.79,SW
1995-01-28 18:00:00,1.6999999,232.56,11.73,SW
1995-01-28 21:00:00,1.65,232.23,11.639999,SW
1995-01-29 00:00:00,1.54,232.34,11.55,SW
1995-01-29 03:00:00,1.4499999,232.4,11.66,SW
1995-01-29 06:00:00,1.38,232.42,11.809999,SW
1995-01-29 09:00:00,1.31,232.73,11.849999,SW
1995-01-29 12:00:00,1.28,234.31,11.8,SW
1995-01-29 15:00:00,1.53,234.86,12.96,SW
1995-01-29 18:00:00,1.37,234.7,12.41,SW
1995-01-29 21:00:00,1.31,233.64,12.2,SW
1995-01-30 00:00:00,1.27,232.75,12.3,SW
1995-01-30 03:00:00,1.22,232.42,12.25,SW
1995-01-30 06:00:00,1.28,232.35,12.809999,SW
1995-01-30 09:00:00,1.16,232.43,12.309999,SW
1995-01-30 12:00:00,1.0799999,232.42,12.17,SW
1995-01-30 15:00:00,1.06,232.03,12.45,SW
1995-01-30 18:00:00,1.05,232.16,12.849999,SW
1995-01-30 21:00:00,1.02,235.03,12.5199995,SW
1995-01-31 00:00:00,0.97999996,244.54001,12.11,SW
1995-01-31 03:00:00,0.96999997,263.11,11.79,W
1995-01-31 06:00:00,0.98999995,294.66,11.55,NW
1995-01-31 09:00:00,0.95,312.38,11.28,NW
1995-01-31 12:00:00,0.87,320.66998,11.099999,NW
1995-01-31 15:00:00,0.79999995,331.39,10.94,NW
1995-01-31 18:00:00,0.77,353.08002,10.84,N
1995-01-31 21:00:00,0.79999995,0.69000244,10.91,N
1995-02-01 00:00:00,0.89,353.19,3.87,N
1995-02-01 03:00:00,1.1,351.75,4.56,N
1995-02-01 06:00:00,1.12,352.8,4.73,N
1995-02-01 09:00:00,1.14,356.56,4.65,N
1995-02-01 12:00:00,1.14,348.64,4.73,N
1995-02-01 15:00:00,1.24,333.5,6.7799997,NW
1995-02-01 18:00:00,1.18,314.28998,7.0,NW
1995-02-01 21:00:00,1.14,289.62,7.1499996,W
1995-02-02 00:00:00,1.29,269.55,10.0,W
1995-02-02 03:00:00,1.5999999,259.84,10.5,W
1995-02-02 06:00:00,1.81,256.7,10.76,W
1995-02-02 09:00:00,2.09,259.31,11.23,W
1995-02-02 12:00:00,2.55,265.65,11.54,W
1995-02-02 15:00:00,3.1599998,269.25,11.65,W
1995-02-02 18:00:00,3.74,268.95,11.429999,W
1995-02-02 21:00:00,3.9599998,264.45,11.15,W
1995-02-03 00:00:00,3.98,259.3,10.94,W
1995-02-03 03:00:00,3.9599998,256.19,10.66,W
1995-02-03 06:00:00,3.78,253.48,10.09,W
1995-02-03 09:00:00,3.52,251.37,9.73,W
1995-02-03 12:00:00,3.25,249.73999,9.41,W
1995-02-03 15:00:00,3.02,249.09,9.179999,W
1995-02-03 18:00:00,2.81,248.53,9.0,W
1995-02-03 21:00:00,2.6,247.45,8.84,SW
1995-02-04 00:00:00,2.4199998,246.5,8.69,SW
1995-02-04 03:00:00,2.27,245.97,8.59,SW
1995-02-04 06:00:00,2.1499999,245.58,8.53,SW
1995-02-04 09:00:00,2.05,245.01999,19.41,SW
1995-02-04 12:00:00,1.9599999,244.45,19.189999,SW
1995-02-04 15:00:00,1.87,244.16,18.76,SW
1995-02-04 18:00:00,1.8199999,246.39,17.91,SW
1995-02-04 21:00:00,1.8499999,253.0,17.34,W
1995-02-05 00:00:00,1.92,260.14,16.55,W
1995-02-05 03:00:00,1.9699999,261.27,15.5,W
1995-02-05 06:00:00,1.93,258.41998,14.95,W
1995-02-05 09:00:00,1.8399999,255.36,14.639999,W
1995-02-05 12:00:00,1.79,253.31,14.75,W
1995-02-05 15:00:00,1.6999999,251.85,14.889999,W
1995-02-05 18:00:00,1.63,250.69,15.009999,W
1995-02-05 21:00:00,1.66,249.73,15.45,W
1995-02-06 00:00:00,1.5999999,248.76001,15.03,W
1995-02-06 03:00:00,1.49,249.29001,14.46,W
1995-02-06 06:00:00,1.39,249.5,14.13,W
1995-02-06 09:00:00,1.29,250.09,13.46,W
1995-02-06 12:00:00,1.1999999,250.94,13.009999,W
1995-02-06 15:00:00,1.13,251.83,12.75,W
1995-02-06 18:00:00,1.06,251.87,12.33,W
1995-02-06 21:00:00,1.01,252.01999,12.03,W
1995-02-07 00:00:00,0.93,252.70999,11.8,W
1995-02-07 03:00:00,0.84,253.17,11.54,W
1995-02-07 06:00:00,0.77,254.01999,10.99,W
1995-02-07 09:00:00,0.74,257.18,10.67,W
1995-02-07 12:00:00,0.76,267.19,8.26,W
1995-02-07 15:00:00,0.76,267.25,15.03,W
1995-02-07 18:00:00,0.76,257.76,17.09,W
1995-02-07 21:00:00,0.88,245.41,15.7,SW
1995-02-08 00:00:00,1.05,242.36,14.92,SW
1995-02-08 03:00:00,1.38,238.72,14.389999,SW
1995-02-08 06:00:00,1.67,238.67,6.08,SW
1995-02-08 09:00:00,1.8,242.15,7.17,SW
1995-02-08 12:00:00,2.06,244.88,9.16,SW
1995-02-08 15:00:00,2.09,246.03,9.61,SW
1995-02-08 18:00:00,2.05,245.86,9.71,SW
1995-02-08 21:00:00,2.1699998,245.47,10.3,SW
1995-02-09 00:00:00,2.06,244.70999,10.29,SW
1995-02-09 03:00:00,2.1699998,244.17,10.8,SW
1995-02-09 06:00:00,1.88,244.26001,10.33,SW
1995-02-09 09:00:00,1.67,244.09,9.99,SW
1995-02-09 12:00:00,1.54,243.66,9.809999,SW
1995-02-09 15:00:00,1.48,242.98999,12.08,SW
1995-02-09 18:00:00,1.4499999,242.19,12.15,SW
1995-02-09 21:00:00,1.4699999,241.27,12.16,SW
1995-02-10 00:00:00,1.53,240.48,12.2,SW
1995-02-10 03:00:00,1.62,240.06,12.32,SW
1995-02-10 06:00:00,1.6999999,239.98,12.54,SW
1995-02-10 09:00:00,1.77,239.98999,12.86,SW
1995-02-10 12:00:00,1.8199999,239.82,13.09,SW
1995-02-10 15:00:00,1.8499999,239.47,13.2,SW
1995-02-10 18:00:00,1.86,239.12,13.299999,SW
1995-02-10 21:00:00,1.86,238.94,13.32,SW
1995-02-11 00:00:00,1.8499999,238.88,13.349999,SW
1995-02-11 03:00:00,1.8199999,238.83,13.33,SW
1995-02-11 06:00:00,1.8,238.73,13.2699995,SW
1995-02-11 09:00:00,1.77,238.51,13.19,SW
1995-02-11 12:00:00,1.79,238.42,13.19,SW
1995-02-11 15:00:00,1.75,238.1,13.09,SW
1995-02-11 18:00:00,1.67,237.77,12.91,SW
1995-02-11 21:00:00,1.5799999,237.33,12.7,SW
1995-02-12 00:00:00,1.48,236.66,12.469999,SW
1995-02-12 03:00:00,1.38,235.87,12.29,SW
1995-02-12 06:00:00,1.3,234.9,12.17,SW
1995-02-12 09:00:00,1.25,231.7,12.04,SW
1995-02-12 12:00:00,1.2099999,229.56,11.96,SW
1995-02-12 15:00:00,1.16,230.26,11.849999,SW
1995-02-12 18:00:00,1.12,230.92,11.759999,SW
1995-02-12 21:00:00,1.11,231.09,11.7,SW
1995-02-13 00:00:00,1.1,232.15,11.67,SW
1995-02-13 03:00:00,1.12,232.57,11.65,SW
1995-02-13 06:00:00,1.12,232.77,11.71,SW
1995-02-13 09:00:00,1.11,233.18,11.82,SW
1995-02-13 12:00:00,1.15,231.82,12.219999,SW
1995-02-13 15:00:00,1.1999999,227.09,12.54,SW
1995-02-13 18:00:00,1.1999999,226.55,12.45,SW
1995-02-13 21:00:00,1.18,228.07,12.2,SW
1995-02-14 00:00:00,1.15,230.97,12.0,SW
1995-02-14 03:00:00,1.18,231.93,18.199999,SW
1995-02-14 06:00:00,1.29,230.18,17.67,SW
1995-02-14 09:00:00,1.35,230.88,17.369999,SW
1995-02-14 12:00:00,1.4399999,230.33,17.34,SW
1995-02-14 15:00:00,1.5,230.07,17.09,SW
1995-02-14 18:00:00,1.5,230.31,16.44,SW
1995-02-14 21:00:00,1.4699999,230.59,15.839999,SW
1995-02-15 00:00:00,1.39,231.83,15.24,SW
1995-02-15 03:00:00,1.3199999,232.7,14.75,SW
1995-02-15 06:00:00,1.3199999,231.41,14.45,SW
1995-02-15 09:00:00,1.26,231.76,14.179999,SW
1995-02-15 12:00:00,1.25,232.47,14.15,SW
1995-02-15 15:00:00,1.17,233.18,13.7699995,SW
1995-02-15 18:00:00,1.14,232.81,13.5,SW
1995-02-15 21:00:00,1.15,232.36,13.469999,SW
1995-02-16 00:00:00,1.13,234.09,13.38,SW
1995-02-16 03:00:00,1.1999999,235.56,18.93,SW
1995-02-16 06:00:00,1.3199999,235.97,18.859999,SW
1995-02-16 09:00:00,1.3199999,235.88,17.49,SW
1995-02-16 12:00:00,1.3399999,236.1,16.72,SW
1995-02-16 15:00:00,1.35,236.05,16.01,SW
1995-02-16 18:00:00,1.38,236.44,15.559999,SW
1995-02-16 21:00:00,1.3299999,236.20999,14.929999,SW
1995-02-17 00:00:00,1.26,236.14,14.49,SW
1995-02-17 03:00:00,1.1899999,236.2,14.099999,SW
1995-02-17 06:00:00,1.14,235.70999,13.53,SW
1995-02-17 09:00:00,1.0799999,235.04,13.2,SW
1995-02-17 12:00:00,1.04,234.89,13.009999,SW
1995-02-17 15:00:00,0.98999995,234.55,12.719999,SW
1995-02-17 18:00:00,0.91999996,234.29,12.24,SW
1995-02-17 21:00:00,0.90999997,232.31,11.929999,SW
1995-02-18 00:00:00,0.88,232.31,11.67,SW
1995-02-18 03:00:00,0.9,232.7,11.309999,SW
1995-02-18 06:00:00,0.93,231.53,11.03,SW
1995-02-18 09:00:00,1.01,229.69,11.05,SW
1995-02-18 12:00:00,1.02,229.57,10.86,SW
1995-02-18 15:00:00,0.95,230.94,10.83,SW
1995-02-18 18:00:00,0.90999997,231.81,10.8,SW
1995-02-18 21:00:00,0.89,232.2,5.8599997,SW
1995-02-19 00:00:00,0.9,232.44,6.0299997,SW
1995-02-19 03:00:00,0.9,232.7,6.0,SW
1995-02-19 06:00:00,0.87,232.6,5.8199997,SW
1995-02-19 09:00:00,0.82,233.26,14.009999,SW
1995-02-19 12:00:00,0.72999996,234.55,13.36,SW
1995-02-19 15:00:00,0.71,235.82,12.92,SW
1995-02-19 18:00:00,0.78,236.83,13.37,SW
1995-02-19 21:00:00,0.89,236.98,13.389999,SW
1995-02-20 00:00:00,0.98999995,236.87,13.099999,SW
1995-02-20 03:00:00,1.13,238.42,12.95,SW
1995-02-20 06:00:00,1.29,240.94,12.86,SW
1995-02-20 09:00:00,1.41,241.20999,12.83,SW
1995-02-20 12:00:00,1.48,241.12,12.74,SW
1995-02-20 15:00:00,1.49,241.3,12.44,SW
1995-02-20 18:00:00,1.48,241.54,12.21,SW
1995-02-20 21:00:00,1.4699999,241.26,12.05,SW
1995-02-21 00:00:00,1.4699999,240.51,11.9,SW
1995-02-21 03:00:00,1.4599999,239.66,11.75,SW
1995-02-21 06:00:00,1.4599999,238.87,14.95,SW
1995-02-21 09:00:00,1.5,238.29,14.69,SW
1995-02-21 12:00:00,1.5899999,238.45999,14.46,SW
1995-02-21 15:00:00,1.68,238.81,14.29,SW
1995-02-21 18:00:00,1.6899999,238.88,14.15,SW
1995-02-21 21:00:00,1.7099999,244.0,14.03,SW
1995-02-22 00:00:00,1.7099999,249.69,13.92,W
1995-02-22 03:00:00,1.73,255.69,13.679999,W
1995-02-22 06:00:00,1.79,265.69,13.53,W
1995-02-22 09:00:00,1.8399999,273.76,13.429999,W
1995-02-22 12:00:00,1.77,280.87,12.99,W
1995-02-22 15:00:00,1.86,292.66,12.88,NW
1995-02-22 18:00:00,1.92,291.85,12.809999,W
1995-02-22 21:00:00,2.22,297.3,12.63,NW
1995-02-23 00:00:00,2.6599998,295.38,8.28,NW
1995-02-23 03:00:00,2.52,285.69,8.41,W
1995-02-23 06:00:00,2.28,273.07,8.37,W
1995-02-23 09:00:00,2.1699998,262.09,19.06,W
1995-02-23 12:00:00,2.1699998,258.08002,18.02,W
1995-02-23 15:00:00,2.2,256.71,17.27,W
1995-02-23 18:00:00,2.27,260.14,16.25,W
1995-02-23 21:00:00,2.31,264.34,15.62,W
1995-02-24 00:00:00,2.49,270.64,14.929999,W
1995-02-24 03:00:00,2.8999999,275.04,14.4,W
1995-02-24 06:00:00,3.1799998,271.38,13.54,W
1995-02-24 09:00:00,3.28,265.52,13.24,W
1995-02-24 12:00:00,3.28,260.57,13.11,W
1995-02-24 15:00:00,3.1699998,257.19,12.95,W
1995-02-24 18:00:00,2.95,254.91,12.719999,W
1995-02-24 21:00:00,2.71,252.51001,12.42,W
1995-02-25 00:00:00,2.49,249.91,12.179999,W
1995-02-25 03:00:00,2.28,247.06,11.929999,SW
1995-02-25 06:00:00,2.1399999,244.1,11.639999,SW
1995-02-25 09:00:00,2.02,241.45999,11.28,SW
1995-02-25 12:00:00,1.92,239.38,11.04,SW
1995-02-25 15:00:00,1.8399999,238.14,10.87,SW
1995-02-25 18:00:00,1.76,237.37,10.7,SW
1995-02-25 21:00:00,1.7099999,236.7,10.69,SW
1995-02-26 00:00:00,1.67,235.88,10.969999,SW
1995-02-26 03:00:00,1.73,234.61,11.969999,SW
1995-02-26 06:00:00,1.8199999,233.41,13.62,SW
1995-02-26 09:00:00,1.87,232.94,13.549999,SW
1995-02-26 12:00:00,1.88,233.06,13.759999,SW
1995-02-26 15:00:00,1.9,232.63,14.12,SW
1995-02-26 18:00:00,1.93,232.81,14.08,SW
1995-02-26 21:00:00,1.9699999,233.36,13.849999,SW
1995-02-27 00:00:00,2.03,234.59,13.599999,SW
1995-02-27 03:00:00,2.08,235.78,13.45,SW
1995-02-27 06:00:00,2.12,236.61,13.36,SW
1995-02-27 09:00:00,2.18,236.86,13.37,SW
1995-02-27 12:00:00,2.25,237.34,13.349999,SW
1995-02-27 15:00:00,2.33,237.45,13.299999,SW
1995-02-27 18:00:00,2.35,237.32,13.25,SW
1995-02-27 21:00:00,2.25,237.67,13.11,SW
1995-02-28 00:00:00,2.1,238.23999,12.87,SW
1995-02-28 03:00:00,1.9699999,238.73999,12.48,SW
1995-02-28 06:00:00,1.8499999,238.84,12.07,SW
1995-02-28 09:00:00,2.0,238.54,12.33,SW
1995-02-28 12:00:00,2.1299999,237.09,12.86,SW
1995-02-28 15:00:00,2.05,236.64,12.38,SW
1995-02-28 18:00:00,1.9,236.61,11.9,SW
1995-02-28 21:00:00,1.76,236.78,11.5,SW
1995-03-01 00:00:00,1.67,236.88,11.259999,SW
1995-03-01 03:00:00,1.55,236.70999,11.01,SW
1995-03-01 06:00:00,1.4699999,236.03,10.849999,SW
1995-03-01 09:00:00,1.41,234.87,10.7699995,SW
1995-03-01 12:00:00,1.42,232.02,10.7,SW
1995-03-01 15:00:00,1.4,230.59,10.61,SW
1995-03-01 18:00:00,1.36,230.38,10.49,SW
1995-03-01 21:00:00,1.3,230.85,10.349999,SW
1995-03-02 00:00:00,1.27,231.2,10.61,SW
1995-03-02 03:00:00,1.29,230.82,11.49,SW
1995-03-02 06:00:00,1.36,230.09,11.83,SW
1995-03-02 09:00:00,1.48,230.05,12.009999,SW
1995-03-02 12:00:00,1.61,230.28,12.33,SW
1995-03-02 15:00:00,1.66,229.39,12.66,SW
1995-03-02 18:00:00,1.64,228.19,12.71,SW
1995-03-02 21:00:00,1.5999999,227.31,12.54,SW
1995-03-03 00:00:00,1.53,228.51,12.3,SW
1995-03-03 03:00:00,1.42,230.13,12.099999,SW
1995-03-03 06:00:00,1.3199999,230.85,11.929999,SW
1995-03-03 09:00:00,1.29,230.57,11.82,SW
1995-03-03 12:00:00,1.2099999,231.13,11.599999,SW
1995-03-03 15:00:00,1.15,231.08,11.36,SW
1995-03-03 18:00:00,1.13,229.27,11.219999,SW
1995-03-03 21:00:00,1.12,228.27,11.12,SW
1995-03-04 00:00:00,1.11,229.70999,11.03,SW
1995-03-04 03:00:00,1.15,230.56,17.3,SW
1995-03-04 06:00:00,1.25,229.97,16.81,SW
1995-03-04 09:00:00,1.37,229.57,16.34,SW
1995-03-04 12:00:00,1.4499999,229.16,15.929999,SW
1995-03-04 15:00:00,1.54,227.83,15.58,SW
1995-03-04 18:00:00,1.5799999,228.55,15.28,SW
1995-03-04 21:00:00,1.5699999,229.76,15.03,SW
1995-03-05 00:00:00,1.56,230.66,14.91,SW
1995-03-05 03:00:00,1.55,231.16,14.75,SW
1995-03-05 06:00:00,1.56,230.88,14.63,SW
1995-03-05 09:00:00,1.53,230.97,14.46,SW
1995-03-05 12:00:00,1.53,231.20999,14.4,SW
1995-03-05 15:00:00,1.5,231.31,14.29,SW
1995-03-05 18:00:00,1.48,231.35,14.259999,SW
1995-03-05 21:00:00,1.42,231.41,14.03,SW
1995-03-06 00:00:00,1.3399999,231.57,13.42,SW
1995-03-06 03:00:00,1.31,231.48,13.059999,SW
1995-03-06 06:00:00,1.37,231.07,12.7699995,SW
1995-03-06 09:00:00,1.4399999,230.55,12.59,SW
1995-03-06 12:00:00,1.4399999,230.23999,12.62,SW
1995-03-06 15:00:00,1.43,230.27,12.61,SW
1995-03-06 18:00:00,1.43,230.23,18.1,SW
1995-03-06 21:00:00,1.42,230.55,17.529999,SW
1995-03-07 00:00:00,1.39,231.02,17.029999,SW
1995-03-07 03:00:00,1.37,231.45999,16.14,SW
1995-03-07 06:00:00,1.4,231.84,15.839999,SW
1995-03-07 09:00:00,1.39,232.27,15.49,SW
1995-03-07 12:00:00,1.36,232.64,14.969999,SW
1995-03-07 15:00:00,1.3299999,232.95,14.67,SW
1995-03-07 18:00:00,1.3199999,233.4,14.509999,SW
1995-03-07 21:00:00,1.4,234.15,14.74,SW
1995-03-08 00:00:00,1.4499999,234.98999,14.759999,SW
1995-03-08 03:00:00,1.4,236.48999,14.389999,SW
1995-03-08 06:00:00,1.35,238.70999,13.83,SW
1995-03-08 09:00:00,1.3199999,240.66,13.37,SW
1995-03-08 12:00:00,1.4699999,241.88,14.04,SW
1995-03-08 15:00:00,1.5899999,238.93,14.889999,SW
1995-03-08 18:00:00,1.39,238.17,14.429999,SW
1995-03-08 21:00:00,1.1999999,238.44,13.2699995,SW
1995-03-09 00:00:00,1.12,239.17,12.559999,SW
1995-03-09 03:00:00,1.09,240.12,12.13,SW
1995-03-09 06:00:00,1.0699999,240.41,11.98,SW
1995-03-09 09:00:00,1.05,240.32,12.009999,SW
1995-03-09 12:00:00,1.03,240.31,12.639999,SW
1995-03-09 15:00:00,1.06,246.76999,14.309999,SW
1995-03-09 18:00:00,1.0799999,253.64,14.559999,W
1995-03-09 21:00:00,1.12,264.21,15.11,W
1995-03-10 00:00:00,1.17,274.72,15.7,W
1995-03-10 03:00:00,1.1999999,277.64,15.799999,W
1995-03-10 06:00:00,1.24,280.7,15.63,W
1995-03-10 09:00:00,1.4699999,289.24,15.599999,W
1995-03-10 12:00:00,1.88,297.84,7.45,NW
1995-03-10 15:00:00,2.23,296.66998,7.81,NW
1995-03-10 18:00:00,2.1599998,288.49,8.0199995,W
1995-03-10 21:00:00,1.9,271.93,7.74,W
1995-03-11 00:00:00,1.87,259.14,14.42,W
1995-03-11 03:00:00,1.86,251.35,14.429999,W
1995-03-11 06:00:00,1.9499999,244.26001,14.12,SW
1995-03-11 09:00:00,2.08,240.11,12.75,SW
1995-03-11 12:00:00,2.74,237.73,12.67,SW
1995-03-11 15:00:00,2.57,237.1,12.42,SW
1995-03-11 18:00:00,2.27,236.9,11.94,SW
1995-03-11 21:00:00,2.05,235.31,11.48,SW
1995-03-12 00:00:00,1.9499999,231.31,11.21,SW
1995-03-12 03:00:00,1.79,226.98,11.04,SW
1995-03-12 06:00:00,1.6899999,222.86,11.01,SW
1995-03-12 09:00:00,1.6899999,220.28,11.78,SW
1995-03-12 12:00:00,1.75,46.380005,4.98,NE
1995-03-12 15:00:00,1.7199999,20.190002,5.14,N
1995-03-12 18:00:00,2.27,344.84998,5.58,N
1995-03-12 21:00:00,2.6499999,316.11,10.2699995,NW
1995-03-13 00:00:00,2.74,300.93,10.34,NW
1995-03-13 03:00:00,2.6399999,292.47,10.059999,W
1995-03-13 06:00:00,2.47,283.7,9.719999,W
1995-03-13 09:00:00,2.55,272.64,9.179999,W
1995-03-13 12:00:00,2.76,264.22998,8.11,W
1995-03-13 15:00:00,3.03,256.29,8.09,W
1995-03-13 18:00:00,3.22,251.7,8.389999,W
1995-03-13 21:00:00,3.54,247.61,9.059999,W
1995-03-14 00:00:00,3.83,244.88,9.98,SW
1995-03-14 03:00:00,4.12,241.93,11.09,SW
1995-03-14 06:00:00,4.2599998,240.36,12.059999,SW
1995-03-14 09:00:00,4.17,240.88,12.61,SW
1995-03-14 12:00:00,4.08,243.0,12.78,SW
1995-03-14 15:00:00,4.0499997,244.98999,12.78,SW
1995-03-14 18:00:00,3.8999999,246.1,12.7699995,SW
1995-03-14 21:00:00,3.52,246.83,12.639999,SW
1995-03-15 00:00:00,3.33,247.68,12.7699995,W
1995-03-15 03:00:00,3.1399999,249.7,12.83,W
1995-03-15 06:00:00,3.02,251.9,12.66,W
1995-03-15 09:00:00,2.9299998,253.2,12.24,W
1995-03-15 12:00:00,2.84,253.23,11.889999,W
1995-03-15 15:00:00,2.74,252.78,11.78,W
1995-03-15 18:00:00,2.6599998,250.83,11.94,W
1995-03-15 21:00:00,2.74,248.09,12.79,W
1995-03-16 00:00:00,3.06,244.93,14.04,SW
1995-03-16 03:00:00,3.55,243.67,15.32,SW
1995-03-16 06:00:00,4.02,243.28,16.91,SW
1995-03-16 09:00:00,4.2599998,243.35,17.05,SW
1995-03-16 12:00:00,4.36,243.08,17.119999,SW
1995-03-16 15:00:00,4.2799997,242.79,17.15,SW
1995-03-16 18:00:00,4.2,242.64,16.88,SW
1995-03-16 21:00:00,4.0899997,242.58,16.369999,SW
1995-03-17 00:00:00,3.8799999,242.97,15.91,SW
1995-03-17 03:00:00,3.6599998,243.6,15.339999,SW
1995-03-17 06:00:00,3.55,243.32,14.83,SW
1995-03-17 09:00:00,3.28,242.51,14.53,SW
1995-03-17 12:00:00,3.03,242.64,14.309999,SW
1995-03-17 15:00:00,2.87,242.98999,14.059999,SW
1995-03-17 18:00:00,2.7,243.55,13.429999,SW
1995-03-17 21:00:00,2.72,244.14,13.179999,SW
1995-03-18 00:00:00,2.58,244.41,12.82,SW
1995-03-18 03:00:00,2.3899999,244.84,12.08,SW
1995-03-18 06:00:00,2.22,245.08,11.82,SW
1995-03-18 09:00:00,2.06,245.44,11.7,SW
1995-03-18 12:00:00,1.9,245.83,11.57,SW
1995-03-18 15:00:00,1.8,248.01999,11.0,W
1995-03-18 18:00:00,1.89,256.88,10.79,W
1995-03-18 21:00:00,2.05,264.62,16.57,W
1995-03-19 00:00:00,2.32,274.91,6.52,W
1995-03-19 03:00:00,2.72,278.41,7.37,W
1995-03-19 06:00:00,3.1299999,278.72,8.0199995,W
1995-03-19 09:00:00,3.1799998,270.89,8.63,W
1995-03-19 12:00:00,3.05,264.88,9.24,W
1995-03-19 15:00:00,2.8899999,261.51,9.71,W
1995-03-19 18:00:00,2.71,259.5,10.03,W
1995-03-19 21:00:00,2.57,257.46,13.25,W
1995-03-20 00:00:00,2.51,255.07,12.48,W
1995-03-20 03:00:00,2.9199998,253.12,12.559999,W
1995-03-20 06:00:00,2.77,253.12,11.849999,W
1995-03-20 09:00:00,2.69,257.37,11.57,W
1995-03-20 12:00:00,2.69,263.12,11.78,W
1995-03-20 15:00:00,2.86,274.19,12.38,W
1995-03-20 18:00:00,3.1499999,278.47998,12.87,W
1995-03-20 21:00:00,3.1899998,281.28,11.79,W
1995-03-21 00:00:00,3.06,275.95,9.07,W
1995-03-21 03:00:00,2.8,270.05,9.309999,W
1995-03-21 06:00:00,2.54,264.62,9.429999,W
1995-03-21 09:00:00,2.35,259.59,12.15,W
1995-03-21 12:00:00,2.31,254.09,12.23,W
1995-03-21 15:00:00,2.44,249.56,12.38,W
1995-03-21 18:00:00,2.6299999,246.33,12.71,SW
1995-03-21 21:00:00,2.74,245.53,13.49,SW
1995-03-22 00:00:00,2.81,245.63,13.88,SW
1995-03-22 03:00:00,2.79,245.19,14.13,SW
1995-03-22 06:00:00,2.75,244.22,14.16,SW
1995-03-22 09:00:00,2.69,243.55,14.059999,SW
1995-03-22 12:00:00,2.6699998,242.82,13.559999,SW
1995-03-22 15:00:00,2.6399999,242.87,13.509999,SW
1995-03-22 18:00:00,2.6299999,243.26,13.45,SW
1995-03-22 21:00:00,2.6399999,242.78,13.469999,SW
1995-03-23 00:00:00,2.6699998,241.4,13.58,SW
1995-03-23 03:00:00,2.8,240.1,14.17,SW
1995-03-23 06:00:00,2.9399998,239.28,14.679999,SW
1995-03-23 09:00:00,3.09,239.38,15.33,SW
1995-03-23 12:00:00,3.1699998,240.81,16.05,SW
1995-03-23 15:00:00,3.21,241.77,16.26,SW
1995-03-23 18:00:00,3.1599998,241.79,16.24,SW
1995-03-23 21:00:00,3.09,241.76,16.01,SW
1995-03-24 00:00:00,2.97,241.75,15.44,SW
1995-03-24 03:00:00,2.9099998,242.0,15.12,SW
1995-03-24 06:00:00,2.79,242.8,15.0,SW
1995-03-24 09:00:00,2.6699998,243.6,14.839999,SW
1995-03-24 12:00:00,2.5,243.88,14.71,SW
1995-03-24 15:00:00,2.35,243.51,14.45,SW
1995-03-24 18:00:00,2.2,243.20999,14.24,SW
1995-03-24 21:00:00,2.06,243.06,13.79,SW
1995-03-25 00:00:00,1.91,243.47,13.599999,SW
1995-03-25 03:00:00,1.78,244.62,13.559999,SW
1995-03-25 06:00:00,1.64,245.76999,13.299999,SW
1995-03-25 09:00:00,1.49,246.79001,13.03,SW
1995-03-25 12:00:00,1.3399999,248.18,12.71,W
1995-03-25 15:00:00,1.26,251.56,12.059999,W
1995-03-25 18:00:00,1.24,253.85,11.58,W
1995-03-25 21:00:00,1.28,255.83,11.57,W
1995-03-26 00:00:00,1.38,256.29,11.62,W
1995-03-26 03:00:00,1.51,255.23999,11.349999,W
1995-03-26 06:00:00,1.64,253.63,11.25,W
1995-03-26 09:00:00,1.73,251.48999,11.78,W
1995-03-26 12:00:00,1.93,248.7,12.63,W
1995-03-26 15:00:00,1.99,246.26001,12.799999,SW
1995-03-26 18:00:00,2.11,244.7,13.65,SW
1995-03-26 21:00:00,2.27,243.92,14.259999,SW
1995-03-27 00:00:00,2.49,242.63,14.889999,SW
1995-03-27 03:00:00,2.48,242.6,14.73,SW
1995-03-27 06:00:00,2.28,242.62,14.25,SW
1995-03-27 09:00:00,2.09,243.02,13.65,SW
1995-03-27 12:00:00,1.91,243.41,13.17,SW
1995-03-27 15:00:00,1.76,244.1,12.889999,SW
1995-03-27 18:00:00,1.65,244.56,12.65,SW
1995-03-27 21:00:00,1.52,244.13,12.33,SW
1995-03-28 00:00:00,1.39,243.70999,12.07,SW
1995-03-28 03:00:00,1.29,243.67,11.83,SW
1995-03-28 06:00:00,1.25,244.16,11.58,SW
1995-03-28 09:00:00,1.25,244.72,11.44,SW
1995-03-28 12:00:00,1.27,244.6,11.5,SW
1995-03-28 15:00:00,1.29,243.37,19.85,SW
1995-03-28 18:00:00,1.3199999,241.54,19.5,SW
1995-03-28 21:00:00,1.37,239.59,19.199999,SW
1995-03-29 00:00:00,1.5,237.81,18.97,SW
1995-03-29 03:00:00,1.63,237.56,18.609999,SW
1995-03-29 06:00:00,1.76,237.98999,18.02,SW
1995-03-29 09:00:00,1.8299999,238.22,17.56,SW
1995-03-29 12:00:00,1.78,238.12,16.76,SW
1995-03-29 15:00:00,1.8299999,241.43,16.1,SW
1995-03-29 18:00:00,1.8499999,242.76,15.7,SW
1995-03-29 21:00:00,1.8199999,241.95,15.21,SW
1995-03-30 00:00:00,1.86,241.70999,15.219999,SW
1995-03-30 03:00:00,1.8,241.33,14.75,SW
1995-03-30 06:00:00,1.66,240.79,14.28,SW
1995-03-30 09:00:00,1.62,239.95,14.29,SW
1995-03-30 12:00:00,1.53,239.69,14.099999,SW
1995-03-30 15:00:00,1.4599999,239.48999,13.79,SW
1995-03-30 18:00:00,1.43,239.19,13.61,SW
1995-03-30 21:00:00,1.38,239.29,13.36,SW
1995-03-31 00:00:00,1.31,239.5,13.04,SW
1995-03-31 03:00:00,1.24,239.6,12.759999,SW
1995-03-31 06:00:00,1.17,239.38,12.59,SW
1995-03-31 09:00:00,1.17,240.91,12.46,SW
1995-03-31 12:00:00,1.18,243.12,12.389999,SW
1995-03-31 15:00:00,1.26,253.61,12.4,W
1995-03-31 18:00:00,1.3299999,265.19,12.57,W
1995-03-31 21:00:00,1.3299999,261.05,13.37,W
1995-04-01 00:00:00,1.3199999,254.39,14.0,W
1995-04-01 03:00:00,1.38,251.81,14.28,W
1995-04-01 06:00:00,1.4699999,249.93,14.29,W
1995-04-01 09:00:00,1.5899999,249.04001,14.139999,W
1995-04-01 12:00:00,1.68,248.34,13.79,W
1995-04-01 15:00:00,1.78,248.04999,13.549999,W
1995-04-01 18:00:00,1.87,247.91,13.33,W
1995-04-01 21:00:00,1.9699999,247.63,13.179999,W
1995-04-02 00:00:00,2.1,247.23999,12.99,SW
1995-04-02 03:00:00,2.25,246.13,12.83,SW
1995-04-02 06:00:00,2.31,244.95999,12.679999,SW
1995-04-02 09:00:00,2.28,244.26999,12.639999,SW
1995-04-02 12:00:00,2.18,243.98999,12.58,SW
1995-04-02 15:00:00,2.04,244.25,12.5199995,SW
1995-04-02 18:00:00,1.89,244.15,12.34,SW
1995-04-02 21:00:00,1.74,244.1,12.099999,SW
1995-04-03 00:00:00,1.5899999,244.19,11.87,SW
1995-04-03 03:00:00,1.4699999,244.4,11.71,SW
1995-04-03 06:00:00,1.37,244.48999,11.639999,SW
1995-04-03 09:00:00,1.3199999,244.42,11.62,SW
1995-04-03 12:00:00,1.3199999,243.35,11.65,SW
1995-04-03 15:00:00,1.35,240.6,11.759999,SW
1995-04-03 18:00:00,1.4399999,237.51,11.969999,SW
1995-04-03 21:00:00,1.52,236.6,17.5,SW
1995-04-04 00:00:00,1.56,238.73,17.05,SW
1995-04-04 03:00:00,1.62,239.76,16.23,SW
1995-04-04 06:00:00,1.63,239.97,15.639999,SW
1995-04-04 09:00:00,1.5899999,239.7,15.16,SW
1995-04-04 12:00:00,1.66,238.6,15.5,SW
1995-04-04 15:00:00,1.61,238.36,15.349999,SW
1995-04-04 18:00:00,1.53,238.77,14.96,SW
1995-04-04 21:00:00,1.42,239.58,14.5,SW
1995-04-05 00:00:00,1.36,241.43,14.38,SW
1995-04-05 03:00:00,1.3,244.56,14.28,SW
1995-04-05 06:00:00,1.24,246.79999,14.21,SW
1995-04-05 09:00:00,1.18,248.36,14.059999,W
1995-04-05 12:00:00,1.1,250.73999,13.63,W
1995-04-05 15:00:00,1.06,254.04999,13.25,W
1995-04-05 18:00:00,1.05,258.14,12.98,W
1995-04-05 21:00:00,1.04,262.25,12.78,W
1995-04-06 00:00:00,1.01,264.75,18.789999,W
1995-04-06 03:00:00,0.97999996,265.91998,17.77,W
1995-04-06 06:00:00,1.0,266.34,17.27,W
1995-04-06 09:00:00,1.03,263.57,16.94,W
1995-04-06 12:00:00,1.03,258.99,16.289999,W
1995-04-06 15:00:00,1.0,254.70999,15.58,W
1995-04-06 18:00:00,1.01,248.95999,14.799999,W
1995-04-06 21:00:00,1.0799999,238.12,14.589999,SW
1995-04-07 00:00:00,1.24,184.64,14.53,S
1995-04-07 03:00:00,1.17,224.83,14.42,SW
1995-04-07 06:00:00,1.18,203.03,14.28,SW
1995-04-07 09:00:00,1.2099999,133.72,14.12,SE
1995-04-07 12:00:00,1.12,161.97,13.78,S
1995-04-07 15:00:00,1.02,192.61,13.53,S
1995-04-07 18:00:00,0.90999997,213.70999,13.219999,SW
1995-04-07 21:00:00,0.79999995,229.92,12.86,SW
1995-04-08 00:00:00,0.77,238.37,12.71,SW
1995-04-08 03:00:00,0.83,241.01,12.849999,SW
1995-04-08 06:00:00,0.91999996,244.75,12.849999,SW
1995-04-08 09:00:00,0.97999996,248.6,12.75,W
1995-04-08 12:00:00,1.01,250.73999,12.7,W
1995-04-08 15:00:00,1.03,252.81,12.57,W
1995-04-08 18:00:00,1.09,257.36,12.719999,W
1995-04-08 21:00:00,1.15,263.68,12.79,W
1995-04-09 00:00:00,1.26,277.66998,12.84,W
1995-04-09 03:00:00,1.42,290.01,13.21,W
1995-04-09 06:00:00,1.61,293.36,5.92,NW
1995-04-09 09:00:00,1.73,288.91998,7.2799997,W
1995-04-09 12:00:00,1.8,285.18,7.95,W
1995-04-09 15:00:00,1.8299999,283.11,8.34,W
1995-04-09 18:00:00,1.8199999,282.37,8.599999,W
1995-04-09 21:00:00,1.8299999,283.31,8.96,W
1995-04-10 00:00:00,1.93,284.41,9.32,W
1995-04-10 03:00:00,2.06,282.78,9.8,W
1995-04-10 06:00:00,2.23,280.0,10.28,W
1995-04-10 09:00:00,2.4099998,276.6,10.929999,W
1995-04-10 12:00:00,2.55,273.91,11.809999,W
1995-04-10 15:00:00,2.6,271.95,12.24,W
1995-04-10 18:00:00,2.59,270.95,12.45,W
1995-04-10 21:00:00,2.53,271.16998,12.44,W
1995-04-11 00:00:00,2.4299998,272.65,12.259999,W
1995-04-11 03:00:00,2.31,273.52,11.99,W
1995-04-11 06:00:00,2.21,274.82,11.74,W
1995-04-11 09:00:00,2.1499999,276.6,11.34,W
1995-04-11 12:00:00,2.21,279.44,11.04,W
1995-04-11 15:00:00,2.26,277.56,10.86,W
1995-04-11 18:00:00,2.19,273.6,10.719999,W
1995-04-11 21:00:00,2.1499999,270.34,10.63,W
1995-04-12 00:00:00,2.07,268.47,10.49,W
1995-04-12 03:00:00,2.06,266.9,10.679999,W
1995-04-12 06:00:00,2.03,266.13,10.889999,W
1995-04-12 09:00:00,1.9799999,265.61,11.139999,W
1995-04-12 12:00:00,1.93,265.12,11.4,W
1995-04-12 15:00:00,1.89,264.2,11.759999,W
1995-04-12 18:00:00,1.87,261.59,12.23,W
1995-04-12 21:00:00,1.92,256.85,12.099999,W
1995-04-13 00:00:00,2.05,251.84,11.48,W
1995-04-13 03:00:00,2.19,247.43,11.309999,SW
1995-04-13 06:00:00,2.3899999,243.81,11.21,SW
1995-04-13 09:00:00,2.52,241.95,10.83,SW
1995-04-13 12:00:00,2.52,240.45999,10.2,SW
1995-04-13 15:00:00,2.45,238.93,10.03,SW
1995-04-13 18:00:00,2.3999999,237.6,10.16,SW
1995-04-13 21:00:00,2.35,236.56,14.0,SW
1995-04-14 00:00:00,2.32,235.77,14.2,SW
1995-04-14 03:00:00,2.32,235.06,14.34,SW
1995-04-14 06:00:00,2.29,234.53,14.28,SW
1995-04-14 09:00:00,2.23,234.23,14.139999,SW
1995-04-14 12:00:00,2.22,234.17,14.07,SW
1995-04-14 15:00:00,2.1,234.51,13.719999,SW
1995-04-14 18:00:00,1.9799999,234.62,13.46,SW
1995-04-14 21:00:00,1.9,234.59,13.32,SW
1995-04-15 00:00:00,2.09,234.55,14.16,SW
1995-04-15 03:00:00,2.04,234.6,14.19,SW
1995-04-15 06:00:00,1.91,234.7,13.82,SW
1995-04-15 09:00:00,1.81,234.51,13.5,SW
1995-04-15 12:00:00,1.7199999,234.25,13.37,SW
1995-04-15 15:00:00,1.65,234.12,13.29,SW
1995-04-15 18:00:00,1.5699999,234.05,13.16,SW
1995-04-15 21:00:00,1.5,234.01,13.0199995,SW
1995-04-16 00:00:00,1.51,233.98999,13.219999,SW
1995-04-16 03:00:00,1.4399999,234.13,13.11,SW
1995-04-16 06:00:00,1.37,234.2,12.92,SW
1995-04-16 09:00:00,1.3299999,234.09,12.889999,SW
1995-04-16 12:00:00,1.31,233.93,13.17,SW
1995-04-16 15:00:00,1.3,233.81,13.2699995,SW
1995-04-16 18:00:00,1.25,233.65,13.07,SW
1995-04-16 21:00:00,1.1999999,233.38,12.799999,SW
1995-04-17 00:00:00,1.17,232.75,12.599999,SW
1995-04-17 03:00:00,1.16,232.09,18.82,SW
1995-04-17 06:00:00,1.14,231.59,17.94,SW
1995-04-17 09:00:00,1.13,231.02,17.51,SW
1995-04-17 12:00:00,1.09,230.23999,16.609999,SW
1995-04-17 15:00:00,1.0799999,230.15,16.08,SW
1995-04-17 18:00:00,1.13,229.82,16.33,SW
1995-04-17 21:00:00,1.17,229.20999,16.1,SW
1995-04-18 00:00:00,1.1999999,229.67,16.02,SW
1995-04-18 03:00:00,1.2099999,230.69,15.82,SW
1995-04-18 06:00:00,1.1899999,230.76,15.45,SW
1995-04-18 09:00:00,1.12,231.29,14.91,SW
1995-04-18 12:00:00,1.04,231.33,14.58,SW
1995-04-18 15:00:00,0.97999996,230.73,14.38,SW
1995-04-18 18:00:00,0.95,227.43,14.219999,SW
1995-04-18 21:00:00,0.88,221.3,13.41,SW
1995-04-19 00:00:00,0.84,220.52,13.179999,SW
1995-04-19 03:00:00,0.76,234.9,13.03,SW
1995-04-19 06:00:00,0.7,242.32,13.04,SW
1995-04-19 09:00:00,0.74,253.76001,13.12,W
1995-04-19 12:00:00,0.65999997,284.49,11.88,W
1995-04-19 15:00:00,0.78999996,318.62,12.57,NW
1995-04-19 18:00:00,0.9,322.66,17.49,NW
1995-04-19 21:00:00,1.06,323.19,17.68,NW
1995-04-20 00:00:00,1.05,301.46,19.48,NW
1995-04-20 03:00:00,1.01,277.61,19.439999,W
1995-04-20 06:00:00,1.05,267.09,19.1,W
1995-04-20 09:00:00,1.15,263.07,18.779999,W
1995-04-20 12:00:00,1.25,260.07,18.33,W
1995-04-20 15:00:00,1.36,257.37,17.85,W
1995-04-20 18:00:00,1.49,254.92,17.56,W
1995-04-20 21:00:00,1.66,253.35,17.31,W
1995-04-21 00:00:00,1.8399999,252.38,16.96,W
1995-04-21 03:00:00,1.9599999,251.87,15.73,W
1995-04-21 06:00:00,2.02,252.28,14.75,W
1995-04-21 09:00:00,2.02,253.29001,14.29,W
1995-04-21 12:00:00,1.9499999,253.65,14.12,W
1995-04-21 15:00:00,1.8499999,253.84,14.12,W
1995-04-21 18:00:00,1.75,255.07,14.009999,W
1995-04-21 21:00:00,1.6999999,256.74,13.16,W
1995-04-22 00:00:00,1.64,258.49,12.65,W
1995-04-22 03:00:00,1.5999999,259.77,12.12,W
1995-04-22 06:00:00,1.56,261.31,11.759999,W
1995-04-22 09:00:00,1.52,261.38,11.48,W
1995-04-22 12:00:00,1.49,259.07,11.389999,W
1995-04-22 15:00:00,1.4499999,254.95999,12.32,W
1995-04-22 18:00:00,1.43,250.95,13.15,W
1995-04-22 21:00:00,1.4399999,248.07,13.28,W
1995-04-23 00:00:00,1.4499999,245.29999,13.2699995,SW
1995-04-23 03:00:00,1.4699999,243.01,13.25,SW
1995-04-23 06:00:00,1.51,241.36,13.389999,SW
1995-04-23 09:00:00,1.56,240.36,14.11,SW
1995-04-23 12:00:00,1.5999999,238.89,15.0199995,SW
1995-04-23 15:00:00,1.64,236.61,14.79,SW
1995-04-23 18:00:00,1.66,234.27,14.559999,SW
1995-04-23 21:00:00,1.67,231.55,14.389999,SW
1995-04-24 00:00:00,1.66,235.01,14.32,SW
1995-04-24 03:00:00,1.5699999,239.01,14.16,SW
1995-04-24 06:00:00,1.51,240.08,13.969999,SW
1995-04-24 09:00:00,1.5,239.38,13.67,SW
1995-04-24 12:00:00,1.42,242.88,13.469999,SW
1995-04-24 15:00:00,1.4,252.23999,13.299999,W
1995-04-24 18:00:00,1.37,257.0,13.19,W
1995-04-24 21:00:00,1.38,255.41,13.17,W
1995-04-25 00:00:00,1.3299999,251.97,13.0,W
1995-04-25 03:00:00,1.3199999,250.39,12.67,W
1995-04-25 06:00:00,1.3199999,246.93,12.509999,SW
1995-04-25 09:00:00,1.37,243.95,19.789999,SW
1995-04-25 12:00:00,1.51,242.01,19.25,SW
1995-04-25 15:00:00,1.6899999,240.83,18.74,SW
1995-04-25 18:00:00,1.87,240.23,17.789999,SW
1995-04-25 21:00:00,2.06,240.16,17.43,SW
1995-04-26 00:00:00,2.2,240.31,17.14,SW
1995-04-26 03:00:00,2.4199998,240.95,17.109999,SW
1995-04-26 06:00:00,2.54,242.69,16.64,SW
1995-04-26 09:00:00,2.59,244.65,15.96,SW
1995-04-26 12:00:00,2.6399999,246.29001,15.65,SW
1995-04-26 15:00:00,2.58,247.23999,15.16,SW
1995-04-26 18:00:00,2.48,247.53,14.78,W
1995-04-26 21:00:00,2.37,247.29001,14.62,SW
1995-04-27 00:00:00,2.27,246.32,14.48,SW
1995-04-27 03:00:00,2.27,244.06,14.34,SW
1995-04-27 06:00:00,2.37,241.13,14.23,SW
1995-04-27 09:00:00,2.55,238.83,14.38,SW
1995-04-27 12:00:00,2.75,238.61,18.279999,SW
1995-04-27 15:00:00,2.8899999,238.59,17.96,SW
1995-04-27 18:00:00,2.9099998,238.77,17.42,SW
1995-04-27 21:00:00,3.1699998,238.55,17.71,SW
1995-04-28 00:00:00,2.8999999,237.4,17.08,SW
1995-04-28 03:00:00,2.72,236.31,16.44,SW
1995-04-28 06:00:00,2.61,233.8,16.0,SW
1995-04-28 09:00:00,2.51,230.06,15.67,SW
1995-04-28 12:00:00,2.35,227.95999,15.309999,SW
1995-04-28 15:00:00,2.2,226.48999,14.88,SW
1995-04-28 18:00:00,2.11,224.54,14.599999,SW
1995-04-28 21:00:00,2.4299998,224.27,15.799999,SW
1995-04-29 00:00:00,2.18,224.4,14.75,SW
1995-04-29 03:00:00,2.1299999,222.95999,14.509999,SW
1995-04-29 06:00:00,2.1699998,221.95999,14.45,SW
1995-04-29 09:00:00,2.2,221.78,14.38,SW
1995-04-29 12:00:00,2.11,223.67,14.32,SW
1995-04-29 15:00:00,2.1399999,224.4,14.509999,SW
1995-04-29 18:00:00,2.1399999,224.85,14.53,SW
1995-04-29 21:00:00,2.12,224.78,14.549999,SW
1995-04-30 00:00:00,2.12,223.41,14.58,SW
1995-04-30 03:00:00,2.12,221.03,14.469999,SW
1995-04-30 06:00:00,2.06,220.15,14.299999,SW
1995-04-30 09:00:00,1.9699999,219.86,14.219999,SW
1995-04-30 12:00:00,1.93,222.58,14.5199995,SW
1995-04-30 15:00:00,1.8299999,225.19,14.57,SW
1995-04-30 18:00:00,1.79,227.35,14.75,SW
1995-04-30 21:00:00,2.1699998,225.48999,16.23,SW
1995-05-01 00:00:00,2.04,224.23999,15.639999,SW
1995-05-01 03:00:00,2.0,218.34,14.99,SW
1995-05-01 06:00:00,1.8199999,216.73,14.549999,SW
1995-05-01 09:00:00,1.63,217.14,14.15,SW
1995-05-01 12:00:00,1.5,217.86,13.63,SW
1995-05-01 15:00:00,1.41,218.57,13.36,SW
1995-05-01 18:00:00,1.35,218.83,13.2,SW
1995-05-01 21:00:00,1.37,218.93,13.33,SW
1995-05-02 00:00:00,1.31,222.55,13.32,SW
1995-05-02 03:00:00,1.27,225.57,20.539999,SW
1995-05-02 06:00:00,1.3,225.2,19.63,SW
1995-05-02 09:00:00,1.3399999,225.75,19.27,SW
1995-05-02 12:00:00,1.41,227.7,18.949999,SW
1995-05-02 15:00:00,1.48,228.57,18.33,SW
1995-05-02 18:00:00,1.54,229.27,17.82,SW
1995-05-02 21:00:00,1.63,230.26,17.619999,SW
1995-05-03 00:00:00,1.6899999,231.56,17.46,SW
1995-05-03 03:00:00,1.67,233.29,17.13,SW
1995-05-03 06:00:00,1.61,234.36,16.369999,SW
1995-05-03 09:00:00,1.5699999,233.9,15.83,SW
1995-05-03 12:00:00,1.53,234.92,15.5199995,SW
1995-05-03 15:00:00,1.4399999,236.03,15.089999,SW
1995-05-03 18:00:00,1.39,236.28,14.839999,SW
1995-05-03 21:00:00,1.35,236.62,14.65,SW
1995-05-04 00:00:00,1.31,237.28,14.5199995,SW
1995-05-04 03:00:00,1.25,237.77,14.36,SW
1995-05-04 06:00:00,1.1899999,238.0,14.11,SW
1995-05-04 09:00:00,1.1999999,238.95,14.04,SW
1995-05-04 12:00:00,1.23,239.7,14.5199995,SW
1995-05-04 15:00:00,1.26,241.45999,14.73,SW
1995-05-04 18:00:00,1.29,243.8,14.66,SW
1995-05-04 21:00:00,1.3399999,247.29999,14.53,SW
1995-05-05 00:00:00,1.35,247.22,14.45,SW
1995-05-05 03:00:00,1.3399999,245.78,14.44,SW
1995-05-05 06:00:00,1.3299999,244.91,14.469999,SW
1995-05-05 09:00:00,1.39,248.06,14.5199995,W
1995-05-05 12:00:00,1.51,258.62,14.429999,W
1995-05-05 15:00:00,1.5999999,263.91998,14.34,W
1995-05-05 18:00:00,1.6899999,267.49,14.32,W
1995-05-05 21:00:00,1.73,263.84,14.29,W
1995-05-06 00:00:00,1.87,256.5,14.65,W
1995-05-06 03:00:00,1.9799999,251.76001,15.089999,W
1995-05-06 06:00:00,1.9699999,249.98999,14.65,W
1995-05-06 09:00:00,2.02,248.98999,14.299999,W
1995-05-06 12:00:00,2.07,247.56,13.67,W
1995-05-06 15:00:00,2.05,246.36,12.82,SW
1995-05-06 18:00:00,2.0,245.39,11.91,SW
1995-05-06 21:00:00,1.92,244.76999,11.61,SW
1995-05-07 00:00:00,1.8299999,244.42,11.5,SW
1995-05-07 03:00:00,1.7199999,244.07,11.5,SW
1995-05-07 06:00:00,1.63,242.73,11.5199995,SW
1995-05-07 09:00:00,1.63,238.16,11.61,SW
1995-05-07 12:00:00,1.6899999,232.39,11.849999,SW
1995-05-07 15:00:00,1.67,230.68,11.95,SW
1995-05-07 18:00:00,1.66,230.35,11.95,SW
1995-05-07 21:00:00,1.68,229.88,11.96,SW
1995-05-08 00:00:00,1.7199999,229.55,17.4,SW
1995-05-08 03:00:00,1.74,229.2,16.64,SW
1995-05-08 06:00:00,1.81,227.05,15.7,SW
1995-05-08 09:00:00,1.87,225.9,15.2,SW
1995-05-08 12:00:00,1.81,227.7,14.759999,SW
1995-05-08 15:00:00,1.73,230.04,14.53,SW
1995-05-08 18:00:00,1.8399999,231.97,14.74,SW
1995-05-08 21:00:00,1.81,233.13,14.2699995,SW
1995-05-09 00:00:00,2.1,233.87,14.12,SW
1995-05-09 03:00:00,2.61,233.45999,14.0,SW
1995-05-09 06:00:00,2.9399998,232.33,7.81,SW
1995-05-09 09:00:00,3.1,231.19,8.5199995,SW
1995-05-09 12:00:00,2.8799999,232.02,9.05,SW
1995-05-09 15:00:00,2.6399999,231.81,9.46,SW
1995-05-09 18:00:00,2.5,231.66,12.759999,SW
1995-05-09 21:00:00,2.4299998,231.81,12.719999,SW
1995-05-10 00:00:00,2.3999999,232.20999,12.719999,SW
1995-05-10 03:00:00,2.3,232.73999,12.74,SW
1995-05-10 06:00:00,2.21,233.20999,12.9,SW
1995-05-10 09:00:00,2.1599998,233.27,13.11,SW
1995-05-10 12:00:00,2.07,234.01,13.349999,SW
1995-05-10 15:00:00,1.9799999,234.25,13.44,SW
1995-05-10 18:00:00,1.88,234.43,13.429999,SW
1995-05-10 21:00:00,1.79,234.58,13.36,SW
1995-05-11 00:00:00,1.7199999,234.67,13.309999,SW
1995-05-11 03:00:00,1.64,234.73999,13.219999,SW
1995-05-11 06:00:00,1.5699999,234.83,13.099999,SW
1995-05-11 09:00:00,1.5,234.93,12.96,SW
1995-05-11 12:00:00,1.43,235.01,12.82,SW
1995-05-11 15:00:00,1.37,235.09,12.69,SW
1995-05-11 18:00:00,1.27,235.81,12.32,SW
1995-05-11 21:00:00,1.3299999,241.4,12.24,SW
1995-05-12 00:00:00,1.4499999,248.36,12.15,W
1995-05-12 03:00:00,1.4499999,246.61,20.92,SW
1995-05-12 06:00:00,1.43,242.83,20.74,SW
1995-05-12 09:00:00,1.42,239.64,20.02,SW
1995-05-12 12:00:00,1.4399999,237.43,19.33,SW
1995-05-12 15:00:00,1.52,235.56,19.07,SW
1995-05-12 18:00:00,1.64,234.45999,18.84,SW
1995-05-12 21:00:00,1.73,234.27,18.14,SW
1995-05-13 00:00:00,1.78,234.51,17.59,SW
1995-05-13 03:00:00,1.8,234.67,17.22,SW
1995-05-13 06:00:00,1.78,234.88,16.869999,SW
1995-05-13 09:00:00,1.7199999,235.45999,16.34,SW
1995-05-13 12:00:00,1.63,236.04,15.87,SW
1995-05-13 15:00:00,1.55,236.51,15.46,SW
1995-05-13 18:00:00,1.4599999,236.84,15.049999,SW
1995-05-13 21:00:00,1.4,237.04,14.87,SW
1995-05-14 00:00:00,1.31,237.07,14.54,SW
1995-05-14 03:00:00,1.1999999,237.45,14.2699995,SW
1995-05-14 06:00:00,1.1,237.78,13.969999,SW
1995-05-14 09:00:00,1.01,238.05,13.48,SW
1995-05-14 12:00:00,0.95,238.75,13.21,SW
1995-05-14 15:00:00,0.84999996,239.45,12.99,SW
1995-05-14 18:00:00,0.77,240.70999,12.75,SW
1995-05-14 21:00:00,0.71999997,245.48999,12.36,SW
1995-05-15 00:00:00,0.71,260.43,12.139999,W
1995-05-15 03:00:00,0.75,277.76,12.04,W
1995-05-15 06:00:00,0.78999996,286.2,11.98,W
1995-05-15 09:00:00,0.87,291.99,11.87,W
1995-05-15 12:00:00,1.0699999,297.39,11.679999,NW
1995-05-15 15:00:00,1.37,296.22998,6.22,NW
1995-05-15 18:00:00,1.7099999,289.35,6.87,W
1995-05-15 21:00:00,2.02,282.87,7.6099997,W
1995-05-16 00:00:00,2.12,275.91,8.559999,W
1995-05-16 03:00:00,2.03,270.22998,9.11,W
1995-05-16 06:00:00,1.92,264.7,9.2,W
1995-05-16 09:00:00,1.81,257.81,9.07,W
1995-05-16 12:00:00,1.8299999,250.72,17.1,W
1995-05-16 15:00:00,2.08,244.26999,16.9,SW
1995-05-16 18:00:00,2.58,240.57,16.27,SW
1995-05-16 21:00:00,3.1699998,239.66,16.039999,SW
1995-05-17 00:00:00,3.54,239.66,15.86,SW
1995-05-17 03:00:00,3.62,240.3,15.41,SW
1995-05-17 06:00:00,3.62,240.66,15.13,SW
1995-05-17 09:00:00,3.55,241.04,15.009999,SW
1995-05-17 12:00:00,3.55,242.16,14.969999,SW
1995-05-17 15:00:00,3.6799998,243.32,14.849999,SW
1995-05-17 18:00:00,3.9299998,241.98999,14.759999,SW
1995-05-17 21:00:00,4.42,239.35,15.099999,SW
1995-05-18 00:00:00,4.5499997,237.88,15.11,SW
1995-05-18 03:00:00,4.6,236.23999,14.83,SW
1995-05-18 06:00:00,4.54,234.79,14.679999,SW
1995-05-18 09:00:00,4.39,234.06,14.62,SW
1995-05-18 12:00:00,4.22,233.66,14.57,SW
1995-05-18 15:00:00,4.5499997,233.69,15.36,SW
1995-05-18 18:00:00,4.18,233.86,14.61,SW
1995-05-18 21:00:00,3.9499998,233.75,14.509999,SW
1995-05-19 00:00:00,3.77,234.04,14.429999,SW
1995-05-19 03:00:00,3.61,233.87,14.36,SW
1995-05-19 06:00:00,3.6299999,233.73999,14.53,SW
1995-05-19 09:00:00,3.37,233.83,14.36,SW
1995-05-19 12:00:00,3.51,233.41,14.809999,SW
1995-05-19 15:00:00,3.1699998,232.45999,14.509999,SW
1995-05-19 18:00:00,2.8899999,232.08,14.509999,SW
1995-05-19 21:00:00,2.6499999,232.54,14.599999,SW
1995-05-20 00:00:00,2.57,233.27,15.03,SW
1995-05-20 03:00:00,2.36,233.59,14.95,SW
1995-05-20 06:00:00,2.1699998,233.69,14.839999,SW
1995-05-20 09:00:00,1.9599999,233.85,14.589999,SW
1995-05-20 12:00:00,1.6999999,234.36,14.049999,SW
1995-05-20 15:00:00,1.56,234.6,13.86,SW
1995-05-20 18:00:00,1.43,234.09,13.57,SW
1995-05-20 21:00:00,1.3299999,233.95999,13.37,SW
1995-05-21 00:00:00,1.37,236.65,13.63,SW
1995-05-21 03:00:00,1.35,245.03,13.57,SW
1995-05-21 06:00:00,1.3399999,251.42,13.45,W
1995-05-21 09:00:00,1.31,256.86,13.28,W
1995-05-21 12:00:00,1.29,260.74,13.23,W
1995-05-21 15:00:00,1.26,262.45,13.42,W
1995-05-21 18:00:00,1.2099999,262.0,15.45,W
1995-05-21 21:00:00,1.1899999,260.53,15.139999,W
1995-05-22 00:00:00,1.18,258.88,14.83,W
1995-05-22 03:00:00,1.1999999,257.11,14.679999,W
1995-05-22 06:00:00,1.22,255.26,14.559999,W
1995-05-22 09:00:00,1.24,253.48,14.42,W
1995-05-22 12:00:00,1.3299999,252.0,14.5,W
1995-05-22 15:00:00,1.35,250.85,14.309999,W
1995-05-22 18:00:00,1.3199999,248.65,13.99,W
1995-05-22 21:00:00,1.3199999,246.08,13.63,SW
1995-05-23 00:00:00,1.3399999,242.62,13.36,SW
1995-05-23 03:00:00,1.37,239.78,13.16,SW
1995-05-23 06:00:00,1.37,238.65,12.96,SW
1995-05-23 09:00:00,1.4499999,236.6,19.24,SW
1995-05-23 12:00:00,1.5999999,233.38,18.97,SW
1995-05-23 15:00:00,1.7099999,232.86,18.13,SW
1995-05-23 18:00:00,1.8299999,233.35,17.64,SW
1995-05-23 21:00:00,1.93,233.70999,17.27,SW
1995-05-24 00:00:00,2.06,234.01,17.01,SW
1995-05-24 03:00:00,2.12,234.06,16.6,SW
1995-05-24 06:00:00,2.1499999,233.89,16.3,SW
1995-05-24 09:00:00,2.1299999,233.59,15.95,SW
1995-05-24 12:00:00,2.07,233.39,15.61,SW
1995-05-24 15:00:00,2.0,233.5,15.24,SW
1995-05-24 18:00:00,1.91,233.78,14.88,SW
1995-05-24 21:00:00,1.8199999,234.12,14.66,SW
1995-05-25 00:00:00,1.77,234.44,14.549999,SW
1995-05-25 03:00:00,1.7099999,234.7,14.48,SW
1995-05-25 06:00:00,1.63,234.7,14.389999,SW
1995-05-25 09:00:00,1.53,234.42,14.19,SW
1995-05-25 12:00:00,1.52,233.98999,14.16,SW
1995-05-25 15:00:00,1.4699999,233.14,13.929999,SW
1995-05-25 18:00:00,1.41,232.41,13.84,SW
1995-05-25 21:00:00,1.3199999,232.13,13.38,SW
1995-05-26 00:00:00,1.24,231.78,13.04,SW
1995-05-26 03:00:00,1.25,233.86,12.9,SW
1995-05-26 06:00:00,1.23,235.92,12.73,SW
1995-05-26 09:00:00,1.1899999,238.13,12.58,SW
1995-05-26 12:00:00,1.22,249.42,12.91,W
1995-05-26 15:00:00,1.15,305.84,12.69,NW
1995-05-26 18:00:00,1.1899999,9.940002,12.73,N
1995-05-26 21:00:00,1.31,22.850006,4.5699997,NE
1995-05-27 00:00:00,1.48,22.300003,4.97,N
1995-05-27 03:00:00,1.52,16.470001,5.18,N
1995-05-27 06:00:00,1.43,9.389999,5.2,N
1995-05-27 09:00:00,1.51,11.0,4.98,N
1995-05-27 12:00:00,1.5799999,4.4600067,5.0699997,N
1995-05-27 15:00:00,1.65,356.25,5.1,N
1995-05-27 18:00:00,1.77,353.28,5.12,N
1995-05-27 21:00:00,1.81,345.74,8.09,N
1995-05-28 00:00:00,2.09,344.91998,5.41,N
1995-05-28 03:00:00,2.1699998,322.09,7.5499997,NW
1995-05-28 06:00:00,2.19,294.02,13.63,NW
1995-05-28 09:00:00,2.29,271.36,13.42,W
1995-05-28 12:00:00,2.57,265.22,13.37,W
1995-05-28 15:00:00,2.75,263.32,13.19,W
1995-05-28 18:00:00,2.9199998,261.58002,13.21,W
1995-05-28 21:00:00,3.1399999,260.26,13.54,W
1995-05-29 00:00:00,3.34,260.19,14.21,W
1995-05-29 03:00:00,3.49,260.41,14.28,W
1995-05-29 06:00:00,3.54,260.44,14.13,W
1995-05-29 09:00:00,3.56,261.39,14.04,W
1995-05-29 12:00:00,3.5,262.97,14.0,W
1995-05-29 15:00:00,3.4199998,262.76,13.94,W
1995-05-29 18:00:00,3.4399998,261.03,13.7699995,W
1995-05-29 21:00:00,3.4199998,260.96,13.36,W
1995-05-30 00:00:00,3.26,262.85,12.929999,W
1995-05-30 03:00:00,3.37,265.89,12.61,W
1995-05-30 06:00:00,4.04,264.97998,12.179999,W
1995-05-30 09:00:00,4.73,261.04,12.28,W
1995-05-30 12:00:00,4.93,258.05,12.5199995,W
1995-05-30 15:00:00,4.7599998,256.9,12.559999,W
1995-05-30 18:00:00,4.52,256.97998,12.28,W
1995-05-30 21:00:00,4.33,256.88,11.889999,W
1995-05-31 00:00:00,4.38,254.95999,11.259999,W
1995-05-31 03:00:00,4.38,254.26001,11.03,W
1995-05-31 06:00:00,4.27,253.36,10.91,W
1995-05-31 09:00:00,4.42,251.93,10.99,W
1995-05-31 12:00:00,4.5899997,249.08,11.509999,W
1995-05-31 15:00:00,4.7,246.6,12.179999,SW
1995-05-31 18:00:00,4.89,244.56,12.59,SW
1995-05-31 21:00:00,4.89,243.15,12.759999,SW
1995-06-01 00:00:00,4.69,241.82,12.75,SW
1995-06-01 03:00:00,4.2999997,240.68,12.58,SW
1995-06-01 06:00:00,3.87,240.07,12.29,SW
1995-06-01 09:00:00,3.47,240.26,12.04,SW
1995-06-01 12:00:00,3.11,241.45,11.73,SW
1995-06-01 15:00:00,2.84,244.08,11.21,SW
1995-06-01 18:00:00,2.83,253.54001,10.7699995,W
1995-06-01 21:00:00,3.1899998,255.92,9.099999,W
1995-06-02 00:00:00,3.08,252.98,9.2,W
1995-06-02 03:00:00,3.09,252.76001,9.2699995,W
1995-06-02 06:00:00,3.11,253.79001,9.2699995,W
1995-06-02 09:00:00,3.3999999,255.45999,9.66,W
1995-06-02 12:00:00,3.8,254.7,13.36,W
1995-06-02 15:00:00,4.0299997,251.51001,13.32,W
1995-06-02 18:00:00,4.08,246.44,13.24,SW
1995-06-02 21:00:00,4.18,240.64,13.15,SW
1995-06-03 00:00:00,3.72,238.9,12.849999,SW
1995-06-03 03:00:00,3.22,240.19,12.5,SW
1995-06-03 06:00:00,2.8799999,242.22,12.179999,SW
1995-06-03 09:00:00,2.69,243.91,11.92,SW
1995-06-03 12:00:00,2.59,245.29001,11.65,SW
1995-06-03 15:00:00,2.53,245.47,11.389999,SW
1995-06-03 18:00:00,2.6,240.58,11.349999,SW
1995-06-03 21:00:00,2.79,233.89,11.4,SW
1995-06-04 00:00:00,2.86,231.39,11.36,SW
1995-06-04 03:00:00,2.81,230.52,11.32,SW
1995-06-04 06:00:00,2.71,229.85,11.24,SW
1995-06-04 09:00:00,2.56,228.59,11.17,SW
1995-06-04 12:00:00,2.26,230.84,11.0,SW
1995-06-04 15:00:00,2.1399999,233.18,11.11,SW
1995-06-04 18:00:00,2.04,235.11,11.38,SW
1995-06-04 21:00:00,1.9599999,236.44,13.0199995,SW
1995-06-05 00:00:00,1.87,237.44,12.889999,SW
1995-06-05 03:00:00,1.8499999,237.1,12.96,SW
1995-06-05 06:00:00,1.9,236.43,12.759999,SW
1995-06-05 09:00:00,1.9399999,236.54,12.08,SW
1995-06-05 12:00:00,2.01,236.98,11.7,SW
1995-06-05 15:00:00,2.05,237.31,11.08,SW
1995-06-05 18:00:00,2.23,237.23999,10.559999,SW
1995-06-05 21:00:00,2.6599998,234.38,9.96,SW
1995-06-06 00:00:00,2.83,234.69,8.17,SW
1995-06-06 03:00:00,3.09,233.67,8.38,SW
1995-06-06 06:00:00,3.35,232.08,8.66,SW
1995-06-06 09:00:00,3.4499998,230.95999,8.96,SW
1995-06-06 12:00:00,3.4499998,230.33,9.25,SW
1995-06-06 15:00:00,3.4099998,229.85,9.74,SW
1995-06-06 18:00:00,3.35,230.02,10.03,SW
1995-06-06 21:00:00,3.29,229.75,10.29,SW
1995-06-07 00:00:00,3.21,229.76,14.67,SW
1995-06-07 03:00:00,3.1899998,229.98,14.96,SW
1995-06-07 06:00:00,3.1899998,229.95999,15.099999,SW
1995-06-07 09:00:00,3.1799998,230.33,15.15,SW
1995-06-07 12:00:00,3.27,230.3,15.58,SW
1995-06-07 15:00:00,3.27,230.01,15.92,SW
1995-06-07 18:00:00,3.1899998,230.08,15.719999,SW
1995-06-07 21:00:00,3.08,230.39,15.74,SW
1995-06-08 00:00:00,3.05,230.82,15.889999,SW
1995-06-08 03:00:00,2.95,231.48,15.719999,SW
1995-06-08 06:00:00,2.8799999,231.79,15.5,SW
1995-06-08 09:00:00,2.81,231.92,15.139999,SW
1995-06-08 12:00:00,2.85,232.45,14.98,SW
1995-06-08 15:00:00,2.77,233.42,14.679999,SW
1995-06-08 18:00:00,2.6299999,234.51,14.429999,SW
1995-06-08 21:00:00,2.48,237.06,14.179999,SW
1995-06-09 00:00:00,2.5,243.37,8.01,SW
1995-06-09 03:00:00,2.6699998,250.6,7.52,W
1995-06-09 06:00:00,2.82,253.87,7.7599998,W
1995-06-09 09:00:00,3.08,254.86,8.12,W
1995-06-09 12:00:00,3.11,252.06,8.53,W
1995-06-09 15:00:00,2.84,250.94,8.76,W
1995-06-09 18:00:00,2.58,249.32,8.7,W
1995-06-09 21:00:00,2.37,246.56,8.47,SW
1995-06-10 00:00:00,2.23,244.03,8.309999,SW
1995-06-10 03:00:00,2.1399999,242.02,8.21,SW
1995-06-10 06:00:00,2.04,241.19,8.19,SW
1995-06-10 09:00:00,1.92,241.02,8.23,SW
1995-06-10 12:00:00,1.91,241.28,8.55,SW
1995-06-10 15:00:00,1.8299999,241.91,8.76,SW
1995-06-10 18:00:00,1.76,242.93,8.91,SW
1995-06-10 21:00:00,1.66,243.92,8.87,SW
1995-06-11 00:00:00,1.55,244.6,8.71,SW
1995-06-11 03:00:00,1.4399999,245.26999,8.47,SW
1995-06-11 06:00:00,1.3399999,246.20999,8.28,SW
1995-06-11 09:00:00,1.27,248.13,8.15,W
1995-06-11 12:00:00,1.3199999,268.49,7.5,W
1995-06-11 15:00:00,1.61,303.05,6.54,NW
1995-06-11 18:00:00,2.4199998,303.9,6.92,NW
1995-06-11 21:00:00,2.3899999,294.4,7.75,NW
1995-06-12 00:00:00,2.18,288.27,8.15,W
1995-06-12 03:00:00,2.09,284.34,8.28,W
1995-06-12 06:00:00,2.07,282.43,8.4,W
1995-06-12 09:00:00,2.1599998,283.77,8.57,W
1995-06-12 12:00:00,2.18,283.43,8.84,W
1995-06-12 15:00:00,2.1499999,282.6,9.099999,W
1995-06-12 18:00:00,2.11,282.46,9.28,W
1995-06-12 21:00:00,2.08,282.45,9.429999,W
1995-06-13 00:00:00,2.08,282.29,9.61,W
1995-06-13 03:00:00,2.1299999,282.13,9.809999,W
1995-06-13 06:00:00,2.18,281.68,10.11,W
1995-06-13 09:00:00,2.21,280.8,10.54,W
1995-06-13 12:00:00,2.19,279.63,10.87,W
1995-06-13 15:00:00,2.21,278.6,11.23,W
1995-06-13 18:00:00,2.32,278.08,12.88,W
1995-06-13 21:00:00,2.59,279.25,13.09,W
1995-06-14 00:00:00,2.84,278.97,12.95,W
1995-06-14 03:00:00,2.9299998,278.51,12.79,W
1995-06-14 06:00:00,2.9099998,278.11,12.599999,W
1995-06-14 09:00:00,2.83,277.35,12.41,W
1995-06-14 12:00:00,2.8799999,277.21,12.57,W
1995-06-14 15:00:00,2.86,277.09,12.61,W
1995-06-14 18:00:00,2.8899999,277.56,12.42,W
1995-06-14 21:00:00,2.8999999,278.08,12.059999,W
1995-06-15 00:00:00,2.86,277.86,11.83,W
1995-06-15 03:00:00,2.77,276.15,11.74,W
1995-06-15 06:00:00,2.6,272.87,11.69,W
1995-06-15 09:00:00,2.4099998,268.07,11.309999,W
1995-06-15 12:00:00,2.32,261.91998,10.98,W
1995-06-15 15:00:00,2.22,258.52,10.679999,W
1995-06-15 18:00:00,2.1399999,257.0,10.29,W
1995-06-15 21:00:00,2.09,255.95,9.99,W
1995-06-16 00:00:00,2.11,254.01999,9.87,W
1995-06-16 03:00:00,2.12,252.44,9.83,W
1995-06-16 06:00:00,2.1,251.35,9.8,W
1995-06-16 09:00:00,2.05,250.57,9.7699995,W
1995-06-16 12:00:00,2.0,249.57,9.73,W
1995-06-16 15:00:00,1.9499999,248.17,9.63,W
1995-06-16 18:00:00,1.89,246.63,14.639999,SW
1995-06-16 21:00:00,1.81,245.33,14.45,SW
1995-06-17 00:00:00,1.73,244.06,14.219999,SW
1995-06-17 03:00:00,1.68,242.41,13.95,SW
1995-06-17 06:00:00,1.64,239.23,13.49,SW
1995-06-17 09:00:00,1.67,232.98,20.859999,SW
1995-06-17 12:00:00,1.6999999,222.79001,20.49,SW
1995-06-17 15:00:00,1.7199999,219.23,19.49,SW
1995-06-17 18:00:00,1.74,220.39,19.25,SW
1995-06-17 21:00:00,1.81,225.45,18.91,SW
1995-06-18 00:00:00,1.66,233.59,17.19,SW
1995-06-18 03:00:00,2.0,239.7,17.8,SW
1995-06-18 06:00:00,2.27,248.58,17.57,W
1995-06-18 09:00:00,2.49,256.28,17.33,W
1995-06-18 12:00:00,2.61,258.44,17.23,W
1995-06-18 15:00:00,2.59,257.03,17.109999,W
1995-06-18 18:00:00,2.53,254.33,16.94,W
1995-06-18 21:00:00,2.51,251.79001,16.89,W
1995-06-19 00:00:00,2.4299998,249.15,16.71,W
1995-06-19 03:00:00,2.37,247.39,16.4,SW
1995-06-19 06:00:00,2.3,246.04999,16.119999,SW
1995-06-19 09:00:00,2.24,244.47,15.88,SW
1995-06-19 12:00:00,2.1699998,242.4,15.589999,SW
1995-06-19 15:00:00,2.05,242.78,15.11,SW
1995-06-19 18:00:00,1.9599999,246.23,14.7,SW
1995-06-19 21:00:00,1.9399999,249.95,14.41,W
1995-06-20 00:00:00,1.99,249.89,14.15,W
1995-06-20 03:00:00,2.05,247.79999,13.74,W
1995-06-20 06:00:00,2.09,247.08,13.4,SW
1995-06-20 09:00:00,2.12,248.47,13.25,W
1995-06-20 12:00:00,2.25,249.39,13.2,W
1995-06-20 15:00:00,2.36,250.36,13.19,W
1995-06-20 18:00:00,2.44,250.48999,13.13,W
1995-06-20 21:00:00,2.53,250.35,13.23,W
1995-06-21 00:00:00,2.4099998,250.76001,13.049999,W
1995-06-21 03:00:00,2.32,252.42,12.74,W
1995-06-21 06:00:00,2.27,254.29999,12.24,W
1995-06-21 09:00:00,2.25,256.2,11.929999,W
1995-06-21 12:00:00,2.27,258.89,11.7,W
1995-06-21 15:00:00,2.28,261.04,11.41,W
1995-06-21 18:00:00,2.36,261.97,17.52,W
1995-06-21 21:00:00,2.4099998,262.3,16.42,W
1995-06-22 00:00:00,2.6799998,261.32,15.67,W
1995-06-22 03:00:00,2.8999999,255.43,15.49,W
1995-06-22 06:00:00,2.9399998,249.92,15.42,W
1995-06-22 09:00:00,2.8999999,246.15,15.5,SW
1995-06-22 12:00:00,2.84,243.55,15.559999,SW
1995-06-22 15:00:00,2.75,241.58,15.48,SW
1995-06-22 18:00:00,2.6799998,238.76,15.259999,SW
1995-06-22 21:00:00,2.69,235.05,15.0,SW
1995-06-23 00:00:00,2.6399999,235.16,14.7699995,SW
1995-06-23 03:00:00,2.56,235.77,14.549999,SW
1995-06-23 06:00:00,2.5,235.23,14.32,SW
1995-06-23 09:00:00,2.37,235.87,14.03,SW
1995-06-23 12:00:00,2.3999999,236.81,14.139999,SW
1995-06-23 15:00:00,2.1399999,237.68,13.429999,SW
1995-06-23 18:00:00,1.9699999,238.01,13.16,SW
1995-06-23 21:00:00,1.86,237.98,12.96,SW
1995-06-24 00:00:00,1.9499999,237.84,13.0,SW
1995-06-24 03:00:00,1.9699999,238.25,12.84,SW
1995-06-24 06:00:00,2.03,237.44,12.469999,SW
1995-06-24 09:00:00,2.03,236.76,12.12,SW
1995-06-24 12:00:00,1.99,236.36,11.92,SW
1995-06-24 15:00:00,1.9799999,236.20999,11.719999,SW
1995-06-24 18:00:00,2.0,236.09,11.389999,SW
1995-06-24 21:00:00,2.0,236.31,7.6,SW
1995-06-25 00:00:00,1.9699999,236.51,15.009999,SW
1995-06-25 03:00:00,2.11,236.45,14.41,SW
1995-06-25 06:00:00,2.32,235.48,6.98,SW
1995-06-25 09:00:00,2.47,234.76,7.41,SW
1995-06-25 12:00:00,2.47,235.48,7.66,SW
1995-06-25 15:00:00,2.49,236.48,7.8399997,SW
1995-06-25 18:00:00,2.59,237.15,7.89,SW
1995-06-25 21:00:00,2.61,237.38,8.04,SW
1995-06-26 00:00:00,2.6,238.68,8.23,SW
1995-06-26 03:00:00,2.53,239.79,8.33,SW
1995-06-26 06:00:00,2.56,244.67,8.33,SW
1995-06-26 09:00:00,2.79,251.98,7.93,W
1995-06-26 12:00:00,2.87,256.4,7.95,W
1995-06-26 15:00:00,3.1399999,263.38,8.07,W
1995-06-26 18:00:00,3.59,266.02,8.53,W
1995-06-26 21:00:00,3.54,264.02,9.2,W
1995-06-27 00:00:00,3.4099998,262.95,9.429999,W
1995-06-27 03:00:00,3.4299998,261.68,9.33,W
1995-06-27 06:00:00,3.3799999,260.2,9.37,W
1995-06-27 09:00:00,3.36,259.1,9.62,W
1995-06-27 12:00:00,3.32,258.95,9.71,W
1995-06-27 15:00:00,3.1899998,257.91,9.719999,W
1995-06-27 18:00:00,3.03,258.02,9.69,W
1995-06-27 21:00:00,2.8799999,258.74,9.63,W
1995-06-28 00:00:00,2.6699998,259.2,9.58,W
1995-06-28 03:00:00,2.54,261.97998,9.559999,W
1995-06-28 06:00:00,2.47,265.03,9.559999,W
1995-06-28 09:00:00,2.6699998,273.56,9.07,W
1995-06-28 12:00:00,2.98,280.41998,7.99,W
1995-06-28 15:00:00,3.23,283.46,8.46,W
1995-06-28 18:00:00,3.4299998,282.26,8.76,W
1995-06-28 21:00:00,3.33,277.72,9.04,W
1995-06-29 00:00:00,3.1399999,274.22998,9.19,W
1995-06-29 03:00:00,2.98,273.41,9.26,W
1995-06-29 06:00:00,2.79,273.41,9.23,W
1995-06-29 09:00:00,2.6399999,272.72,9.139999,W
1995-06-29 12:00:00,2.6499999,270.64,9.04,W
1995-06-29 15:00:00,2.9299998,269.36,8.78,W
1995-06-29 18:00:00,3.09,266.19,8.74,W
1995-06-29 21:00:00,3.1,265.06,8.94,W
1995-06-30 00:00:00,3.1,266.05,9.16,W
1995-06-30 03:00:00,3.32,269.45,9.41,W
1995-06-30 06:00:00,4.04,271.2,10.01,W
1995-06-30 09:00:00,4.41,266.62,11.11,W
1995-06-30 12:00:00,4.16,262.69,11.7699995,W
1995-06-30 15:00:00,3.79,258.14,11.73,W
1995-06-30 18:00:00,3.37,254.79999,11.36,W
1995-06-30 21:00:00,2.9299998,256.11,11.05,W
1995-07-01 00:00:00,2.58,260.53,10.849999,W
1995-07-01 03:00:00,2.3899999,264.29,10.63,W
1995-07-01 06:00:00,2.24,267.96,10.37,W
1995-07-01 09:00:00,2.1299999,269.57,10.24,W
1995-07-01 12:00:00,2.05,269.7,10.19,W
1995-07-01 15:00:00,2.0,269.12,10.21,W
1995-07-01 18:00:00,1.9599999,268.91,10.44,W
1995-07-01 21:00:00,1.9699999,268.27,17.359999,W
1995-07-02 00:00:00,1.9599999,268.62,17.3,W
1995-07-02 03:00:00,2.09,279.44,17.52,W
1995-07-02 06:00:00,2.11,287.07,17.16,W
1995-07-02 09:00:00,2.11,284.36,16.21,W
1995-07-02 12:00:00,2.23,282.87,15.889999,W
1995-07-02 15:00:00,2.32,280.94,9.559999,W
1995-07-02 18:00:00,2.51,279.9,9.94,W
1995-07-02 21:00:00,2.6499999,281.52,10.54,W
1995-07-03 00:00:00,2.79,282.49,11.49,W
1995-07-03 03:00:00,2.9199998,281.66,12.05,W
1995-07-03 06:00:00,3.02,279.02,12.38,W
1995-07-03 09:00:00,2.98,275.69,12.55,W
1995-07-03 12:00:00,2.8899999,272.15,12.78,W
1995-07-03 15:00:00,2.6699998,267.91,12.639999,W
1995-07-03 18:00:00,2.47,263.46,12.46,W
1995-07-03 21:00:00,2.26,260.52,12.24,W
1995-07-04 00:00:00,2.08,258.72998,12.0,W
1995-07-04 03:00:00,1.92,257.41998,11.53,W
1995-07-04 06:00:00,1.78,256.43,11.099999,W
1995-07-04 09:00:00,1.68,256.07,10.79,W
1995-07-04 12:00:00,1.62,258.2,10.429999,W
1995-07-04 15:00:00,1.5699999,260.79,10.08,W
1995-07-04 18:00:00,1.54,260.8,9.82,W
1995-07-04 21:00:00,1.4599999,258.66998,19.34,W
1995-07-05 00:00:00,1.48,256.37,18.72,W
1995-07-05 03:00:00,1.64,254.39,18.539999,W
1995-07-05 06:00:00,1.91,248.23999,18.4,W
1995-07-05 09:00:00,2.31,243.97,18.43,SW
1995-07-05 12:00:00,2.57,244.26001,18.17,SW
1995-07-05 15:00:00,2.79,245.25,17.65,SW
1995-07-05 18:00:00,2.97,246.98,17.279999,SW
1995-07-05 21:00:00,3.11,248.32,16.96,W
1995-07-06 00:00:00,3.28,249.98,16.25,W
1995-07-06 03:00:00,3.55,252.04001,15.91,W
1995-07-06 06:00:00,3.87,255.18,15.69,W
1995-07-06 09:00:00,4.47,260.9,15.38,W
1995-07-06 12:00:00,4.67,256.38,14.469999,W
1995-07-06 15:00:00,4.46,252.51999,14.059999,W
1995-07-06 18:00:00,4.19,251.57,14.15,W
1995-07-06 21:00:00,4.8599997,251.57,15.58,W
1995-07-07 00:00:00,4.39,252.39,14.4,W
1995-07-07 03:00:00,4.5299997,252.54999,14.07,W
1995-07-07 06:00:00,4.89,250.63,13.69,W
1995-07-07 09:00:00,4.89,249.28,12.92,W
1995-07-07 12:00:00,4.99,248.86,12.41,W
1995-07-07 15:00:00,4.93,248.73999,12.48,W
1995-07-07 18:00:00,4.8199997,248.17,12.969999,W
1995-07-07 21:00:00,4.98,247.87,13.79,W
1995-07-08 00:00:00,4.5899997,249.0,13.75,W
1995-07-08 03:00:00,4.68,251.23999,13.759999,W
1995-07-08 06:00:00,5.1,251.5,12.96,W
1995-07-08 09:00:00,5.1,249.69,12.0,W
1995-07-08 12:00:00,4.77,248.01001,12.42,W
1995-07-08 15:00:00,4.41,247.22,12.5199995,SW
1995-07-08 18:00:00,4.12,247.18,12.469999,SW
1995-07-08 21:00:00,3.87,247.19,12.349999,SW
1995-07-09 00:00:00,3.6799998,247.37,12.25,SW
1995-07-09 03:00:00,3.52,247.20999,12.19,SW
1995-07-09 06:00:00,3.3799999,246.63,12.179999,SW
1995-07-09 09:00:00,3.23,245.98999,12.17,SW
1995-07-09 12:00:00,3.08,245.70999,12.12,SW
1995-07-09 15:00:00,3.04,245.86,12.13,SW
1995-07-09 18:00:00,3.06,246.81,12.13,SW
1995-07-09 21:00:00,3.25,248.69,12.13,W
1995-07-10 00:00:00,3.35,249.08,11.849999,W
1995-07-10 03:00:00,3.6399999,248.9,11.42,W
1995-07-10 06:00:00,3.86,248.04999,10.58,W
1995-07-10 09:00:00,3.8,246.89,10.76,SW
1995-07-10 12:00:00,3.6499999,246.04999,11.139999,SW
1995-07-10 15:00:00,3.54,245.45,11.69,SW
1995-07-10 18:00:00,3.49,244.85,12.19,SW
1995-07-10 21:00:00,3.77,244.89,13.219999,SW
1995-07-11 00:00:00,3.6799998,245.57,13.5,SW
1995-07-11 03:00:00,3.4299998,246.39,13.25,SW
1995-07-11 06:00:00,3.1699998,246.11,13.07,SW
1995-07-11 09:00:00,2.9099998,245.48999,12.87,SW
1995-07-11 12:00:00,2.6699998,245.36,12.48,SW
1995-07-11 15:00:00,2.4299998,246.36,12.139999,SW
1995-07-11 18:00:00,2.23,249.17,11.94,W
1995-07-11 21:00:00,2.12,256.1,11.82,W
1995-07-12 00:00:00,2.09,272.83,11.67,W
1995-07-12 03:00:00,2.18,302.32,11.37,NW
1995-07-12 06:00:00,2.25,310.2,8.22,NW
1995-07-12 09:00:00,2.1699998,300.11,8.79,NW
1995-07-12 12:00:00,2.11,289.72,9.13,W
1995-07-12 15:00:00,2.0,284.45,9.22,W
1995-07-12 18:00:00,1.92,282.88,9.179999,W
1995-07-12 21:00:00,1.87,283.47998,9.09,W
1995-07-13 00:00:00,1.74,287.19,8.69,W
1995-07-13 03:00:00,1.68,288.2,8.46,W
1995-07-13 06:00:00,1.68,290.09,8.22,W
1995-07-13 09:00:00,1.8199999,288.55,7.96,W
1995-07-13 12:00:00,1.9,284.31,7.96,W
1995-07-13 15:00:00,1.9499999,279.16998,8.44,W
1995-07-13 18:00:00,2.0,275.06,10.57,W
1995-07-13 21:00:00,1.9799999,272.51,10.55,W
1995-07-14 00:00:00,1.91,271.41,10.3,W
1995-07-14 03:00:00,1.8199999,271.79,10.16,W
1995-07-14 06:00:00,1.74,272.04,10.07,W
1995-07-14 09:00:00,1.6899999,263.47998,10.0199995,W
1995-07-14 12:00:00,1.78,236.79,9.92,SW
1995-07-14 15:00:00,1.76,237.69,9.809999,SW
1995-07-14 18:00:00,2.1299999,233.89,9.7699995,SW
1995-07-14 21:00:00,2.2,238.77,9.78,SW
1995-07-15 00:00:00,2.04,250.68,9.809999,W
1995-07-15 03:00:00,1.89,264.83002,9.889999,W
1995-07-15 06:00:00,1.87,272.38,10.12,W
1995-07-15 09:00:00,1.91,275.95,10.429999,W
1995-07-15 12:00:00,1.89,279.26,10.46,W
1995-07-15 15:00:00,1.9599999,282.97,10.67,W
1995-07-15 18:00:00,2.03,285.68,11.2699995,W
1995-07-15 21:00:00,2.1399999,288.07,12.38,W
1995-07-16 00:00:00,2.23,288.97998,12.7699995,W
1995-07-16 03:00:00,2.2,288.09,12.54,W
1995-07-16 06:00:00,2.12,286.3,12.2699995,W
1995-07-16 09:00:00,2.04,284.06,12.03,W
1995-07-16 12:00:00,2.1,282.24,11.98,W
1995-07-16 15:00:00,2.09,280.12,11.71,W
1995-07-16 18:00:00,2.1299999,276.41998,11.4,W
1995-07-16 21:00:00,2.18,272.66998,11.16,W
1995-07-17 00:00:00,2.33,271.16998,11.23,W
1995-07-17 03:00:00,3.03,266.41,12.349999,W
1995-07-17 06:00:00,3.31,256.19,11.92,W
1995-07-17 09:00:00,3.4499998,249.53,11.7,W
1995-07-17 12:00:00,3.34,244.69,11.74,SW
1995-07-17 15:00:00,3.07,241.55,11.7,SW
1995-07-17 18:00:00,2.99,240.42,11.91,SW
1995-07-17 21:00:00,2.59,242.12,11.49,SW
1995-07-18 00:00:00,2.3,243.59,11.08,SW
1995-07-18 03:00:00,2.09,244.79001,10.84,SW
1995-07-18 06:00:00,1.93,245.54999,10.57,SW
1995-07-18 09:00:00,1.78,246.1,10.25,SW
1995-07-18 12:00:00,1.64,246.70999,10.0199995,SW
1995-07-18 15:00:00,1.5699999,250.86,9.82,W
1995-07-18 18:00:00,1.65,273.55,9.639999,W
1995-07-18 21:00:00,1.91,308.57,21.029999,NW
1995-07-19 00:00:00,2.28,312.78998,7.66,NW
1995-07-19 03:00:00,2.4299998,298.49,8.61,NW
1995-07-19 06:00:00,2.33,287.26,8.9,W
1995-07-19 09:00:00,2.24,282.13,8.929999,W
1995-07-19 12:00:00,2.28,280.25,9.03,W
1995-07-19 15:00:00,2.48,281.44,9.12,W
1995-07-19 18:00:00,2.6299999,281.96,9.05,W
1995-07-19 21:00:00,3.1,287.25,8.97,W
1995-07-20 00:00:00,3.36,286.36,9.3,W
1995-07-20 03:00:00,3.6,282.46,9.889999,W
1995-07-20 06:00:00,3.57,278.83,10.139999,W
1995-07-20 09:00:00,3.54,279.3,10.309999,W
1995-07-20 12:00:00,3.8899999,279.76,10.33,W
1995-07-20 15:00:00,4.5099998,272.54,10.42,W
1995-07-20 18:00:00,4.62,267.97998,10.929999,W
1995-07-20 21:00:00,4.38,265.5,11.4,W
1995-07-21 00:00:00,4.21,264.31,11.969999,W
1995-07-21 03:00:00,4.13,264.38,12.389999,W
1995-07-21 06:00:00,4.08,264.28,12.639999,W
1995-07-21 09:00:00,3.98,262.93,12.719999,W
1995-07-21 12:00:00,3.81,261.83002,12.719999,W
1995-07-21 15:00:00,3.6799998,262.47,12.759999,W
1995-07-21 18:00:00,3.87,265.75,12.69,W
1995-07-21 21:00:00,4.45,265.26,10.49,W
1995-07-22 00:00:00,5.5899997,261.3,11.19,W
1995-07-22 03:00:00,6.2599998,255.92,12.19,W
1995-07-22 06:00:00,6.3999996,254.03,13.17,W
1995-07-22 09:00:00,6.24,253.0,13.44,W
1995-07-22 12:00:00,5.85,252.51999,13.33,W
1995-07-22 15:00:00,5.3599997,252.48,13.049999,W
1995-07-22 18:00:00,4.95,251.87,12.719999,W
1995-07-22 21:00:00,4.5899997,250.98,12.16,W
1995-07-23 00:00:00,4.19,250.35,11.889999,W
1995-07-23 03:00:00,3.79,250.04999,11.69,W
1995-07-23 06:00:00,3.4299998,249.73999,11.45,W
1995-07-23 09:00:00,3.12,249.72,11.099999,W
1995-07-23 12:00:00,2.83,249.5,10.849999,W
1995-07-23 15:00:00,2.56,248.95,10.66,W
1995-07-23 18:00:00,2.33,248.45999,10.429999,W
1995-07-23 21:00:00,2.12,247.88,10.059999,W
1995-07-24 00:00:00,1.9399999,247.48999,9.78,SW
1995-07-24 03:00:00,1.8199999,246.51999,9.61,SW
1995-07-24 06:00:00,1.78,244.07,9.46,SW
1995-07-24 09:00:00,1.8499999,239.78,9.389999,SW
1995-07-24 12:00:00,1.99,237.20999,9.429999,SW
1995-07-24 15:00:00,2.1299999,235.7,9.04,SW
1995-07-24 18:00:00,2.24,234.69,7.97,SW
1995-07-24 21:00:00,2.28,234.70999,8.04,SW
1995-07-25 00:00:00,2.23,236.68,8.32,SW
1995-07-25 03:00:00,2.2,238.94,8.63,SW
1995-07-25 06:00:00,2.1599998,240.78,9.0,SW
1995-07-25 09:00:00,2.09,242.48999,9.15,SW
1995-07-25 12:00:00,2.02,244.29999,9.2,SW
1995-07-25 15:00:00,1.9699999,245.95,9.25,SW
1995-07-25 18:00:00,1.91,247.91,9.2699995,W
1995-07-25 21:00:00,2.02,251.07,9.65,W
1995-07-26 00:00:00,2.07,260.82,9.4,W
1995-07-26 03:00:00,2.3799999,270.69,6.81,W
1995-07-26 06:00:00,2.6499999,267.83002,7.5699997,W
1995-07-26 09:00:00,2.8999999,266.26,8.21,W
1995-07-26 12:00:00,3.02,263.45,8.599999,W
1995-07-26 15:00:00,3.03,261.13,8.82,W
1995-07-26 18:00:00,3.05,257.64,8.88,W
1995-07-26 21:00:00,2.97,255.73999,8.929999,W
1995-07-27 00:00:00,2.9099998,254.17,9.01,W
1995-07-27 03:00:00,3.33,252.01999,9.679999,W
1995-07-27 06:00:00,3.31,250.43,9.87,W
1995-07-27 09:00:00,3.1799998,249.01999,9.99,W
1995-07-27 12:00:00,3.07,248.01001,10.099999,W
1995-07-27 15:00:00,2.9099998,246.97,10.12,SW
1995-07-27 18:00:00,2.79,246.23,10.21,SW
1995-07-27 21:00:00,2.5,246.25,10.03,SW
1995-07-28 00:00:00,2.25,246.43,9.86,SW
1995-07-28 03:00:00,2.03,246.53,9.67,SW
1995-07-28 06:00:00,1.8399999,246.23999,9.5,SW
1995-07-28 09:00:00,1.67,244.91,9.44,SW
1995-07-28 12:00:00,1.67,240.65,9.8,SW
1995-07-28 15:00:00,1.53,236.55,9.7,SW
1995-07-28 18:00:00,1.49,238.03,9.849999,SW
1995-07-28 21:00:00,1.55,237.38,10.04,SW
1995-07-29 00:00:00,1.53,235.48999,9.929999,SW
1995-07-29 03:00:00,1.5799999,234.98,10.2699995,SW
1995-07-29 06:00:00,1.5899999,235.19,10.88,SW
1995-07-29 09:00:00,1.5699999,235.82,11.34,SW
1995-07-29 12:00:00,1.7099999,237.16,12.13,SW
1995-07-29 15:00:00,1.5699999,238.73999,11.559999,SW
1995-07-29 18:00:00,1.51,239.64,11.3,SW
1995-07-29 21:00:00,1.4499999,239.9,20.88,SW
1995-07-30 00:00:00,1.4599999,239.85,20.699999,SW
1995-07-30 03:00:00,1.4499999,240.70999,20.51,SW
1995-07-30 06:00:00,1.4699999,240.84,20.029999,SW
1995-07-30 09:00:00,1.4499999,240.48999,19.65,SW
1995-07-30 12:00:00,1.42,240.48,19.279999,SW
1995-07-30 15:00:00,1.39,240.26,18.8,SW
1995-07-30 18:00:00,1.37,239.68,17.92,SW
1995-07-30 21:00:00,1.3399999,238.75,17.44,SW
1995-07-31 00:00:00,1.3,239.52,16.949999,SW
1995-07-31 03:00:00,1.25,240.81,16.26,SW
1995-07-31 06:00:00,1.23,241.45,15.94,SW
1995-07-31 09:00:00,1.23,241.69,15.7699995,SW
1995-07-31 12:00:00,1.16,241.70999,15.12,SW
1995-07-31 15:00:00,1.16,240.52,14.799999,SW
1995-07-31 18:00:00,1.23,239.73999,15.08,SW
1995-07-31 21:00:00,1.24,241.3,14.95,SW
1995-08-01 00:00:00,1.26,244.38,14.95,SW
1995-08-01 03:00:00,1.26,247.51999,14.88,W
1995-08-01 06:00:00,1.25,249.56,14.969999,W
1995-08-01 09:00:00,1.1999999,251.94,14.759999,W
1995-08-01 12:00:00,1.12,253.76001,14.4,W
1995-08-01 15:00:00,1.06,254.41,14.32,W
1995-08-01 18:00:00,1.02,253.23,14.78,W
1995-08-01 21:00:00,1.01,252.69,15.0199995,W
1995-08-02 00:00:00,1.1,261.72998,15.61,W
1995-08-02 03:00:00,1.16,313.24,15.69,NW
1995-08-02 06:00:00,1.13,317.25,16.289999,NW
1995-08-02 09:00:00,1.16,322.62,17.279999,NW
1995-08-02 12:00:00,1.2099999,299.47,7.71,NW
1995-08-02 15:00:00,1.42,296.41,7.72,NW
1995-08-02 18:00:00,1.5799999,294.97,7.69,NW
1995-08-02 21:00:00,1.66,291.97998,7.68,W
1995-08-03 00:00:00,1.67,289.31,7.77,W
1995-08-03 03:00:00,1.66,286.26,7.91,W
1995-08-03 06:00:00,1.66,283.06,8.15,W
1995-08-03 09:00:00,1.66,280.44,8.44,W
1995-08-03 12:00:00,1.75,278.5,9.32,W
1995-08-03 15:00:00,1.8499999,276.08,10.05,W
1995-08-03 18:00:00,1.8399999,273.97,10.179999,W
1995-08-03 21:00:00,1.78,271.75,10.0,W
1995-08-04 00:00:00,1.6899999,269.06,17.31,W
1995-08-04 03:00:00,1.5999999,266.44,16.699999,W
1995-08-04 06:00:00,1.51,264.55,16.08,W
1995-08-04 09:00:00,1.4699999,263.41,15.94,W
1995-08-04 12:00:00,1.4699999,265.5,15.839999,W
1995-08-04 15:00:00,1.5799999,265.86,15.92,W
1995-08-04 18:00:00,1.65,262.96,15.9,W
1995-08-04 21:00:00,1.6999999,262.91,15.509999,W
1995-08-05 00:00:00,1.8299999,267.33002,14.71,W
1995-08-05 03:00:00,2.09,272.78,14.23,W
1995-08-05 06:00:00,2.37,277.68,13.07,W
1995-08-05 09:00:00,2.57,280.54,12.3,W
1995-08-05 12:00:00,2.58,280.65,11.95,W
1995-08-05 15:00:00,2.5,279.84,11.7699995,W
1995-08-05 18:00:00,2.35,278.97,11.5,W
1995-08-05 21:00:00,2.19,277.79,11.17,W
1995-08-06 00:00:00,2.21,276.16,11.37,W
1995-08-06 03:00:00,2.02,274.12,10.98,W
1995-08-06 06:00:00,1.86,270.56,10.5199995,W
1995-08-06 09:00:00,1.76,265.16,10.219999,W
1995-08-06 12:00:00,1.74,260.24,10.26,W
1995-08-06 15:00:00,1.73,256.58002,17.289999,W
1995-08-06 18:00:00,1.68,254.15,17.14,W
1995-08-06 21:00:00,1.62,253.61,15.88,W
1995-08-07 00:00:00,1.53,253.86,14.759999,W
1995-08-07 03:00:00,1.4499999,253.73999,14.33,W
1995-08-07 06:00:00,1.38,253.16,14.07,W
1995-08-07 09:00:00,1.3199999,252.26001,16.92,W
1995-08-07 12:00:00,1.28,250.39,16.31,W
1995-08-07 15:00:00,1.3299999,247.95,16.58,W
1995-08-07 18:00:00,1.4399999,245.81,16.43,SW
1995-08-07 21:00:00,1.5699999,244.79001,16.3,SW
1995-08-08 00:00:00,1.7199999,245.43,16.35,SW
1995-08-08 03:00:00,1.81,248.69,16.14,W
1995-08-08 06:00:00,1.88,254.51001,15.799999,W
1995-08-08 09:00:00,1.9799999,264.3,15.44,W
1995-08-08 12:00:00,2.09,271.66,15.07,W
1995-08-08 15:00:00,2.23,275.64,14.7699995,W
1995-08-08 18:00:00,2.3999999,280.83,14.559999,W
1995-08-08 21:00:00,2.3899999,273.89,14.639999,W
1995-08-09 00:00:00,2.21,259.55,14.37,W
1995-08-09 03:00:00,2.09,254.56,14.2,W
1995-08-09 06:00:00,2.05,256.77,13.929999,W
1995-08-09 09:00:00,2.07,259.04,19.35,W
1995-08-09 12:00:00,2.1299999,259.65,18.96,W
1995-08-09 15:00:00,2.1399999,259.3,18.35,W
1995-08-09 18:00:00,2.1699998,258.46,17.9,W
1995-08-09 21:00:00,2.2,257.32,17.65,W
1995-08-10 00:00:00,2.18,256.86,17.22,W
1995-08-10 03:00:00,2.1299999,256.57,9.94,W
1995-08-10 06:00:00,2.05,256.0,16.01,W
1995-08-10 09:00:00,1.99,254.67,15.67,W
1995-08-10 12:00:00,1.9699999,252.98999,15.219999,W
1995-08-10 15:00:00,1.9699999,251.08,14.65,W
1995-08-10 18:00:00,1.9799999,249.33,14.179999,W
1995-08-10 21:00:00,2.05,248.19,13.78,W
1995-08-11 00:00:00,1.99,246.84,11.719999,SW
1995-08-11 03:00:00,1.9499999,245.11,11.0199995,SW
1995-08-11 06:00:00,1.9,243.95,11.0199995,SW
1995-08-11 09:00:00,1.8499999,243.36,11.71,SW
1995-08-11 12:00:00,1.8199999,242.86,11.679999,SW
1995-08-11 15:00:00,1.77,242.32,11.44,SW
1995-08-11 18:00:00,1.73,241.53,11.23,SW
1995-08-11 21:00:00,1.7099999,240.62,11.12,SW
1995-08-12 00:00:00,1.6899999,239.73,11.05,SW
1995-08-12 03:00:00,1.67,238.91,11.0,SW
1995-08-12 06:00:00,1.66,238.19,10.98,SW
1995-08-12 09:00:00,1.64,237.61,10.969999,SW
1995-08-12 12:00:00,1.63,237.23,11.0,SW
1995-08-12 15:00:00,1.5899999,237.01,11.0199995,SW
1995-08-12 18:00:00,1.54,236.95,11.07,SW
1995-08-12 21:00:00,1.5,237.07,11.099999,SW
1995-08-13 00:00:00,1.54,238.73,11.08,SW
1995-08-13 03:00:00,1.62,240.0,10.969999,SW
1995-08-13 06:00:00,1.75,239.52,10.84,SW
1995-08-13 09:00:00,1.86,239.01,10.63,SW
1995-08-13 12:00:00,2.0,239.68,7.25,SW
1995-08-13 15:00:00,2.1399999,241.4,7.49,SW
1995-08-13 18:00:00,2.25,240.55,7.71,SW
1995-08-13 21:00:00,2.3999999,238.43,8.07,SW
1995-08-14 00:00:00,2.3999999,238.08,8.26,SW
1995-08-14 03:00:00,2.31,237.75,8.41,SW
1995-08-14 06:00:00,2.25,236.37,8.5,SW
1995-08-14 09:00:00,2.19,235.82,8.66,SW
1995-08-14 12:00:00,2.1699998,235.26,9.34,SW
1995-08-14 15:00:00,2.09,235.04,10.599999,SW
1995-08-14 18:00:00,2.02,234.67,10.86,SW
1995-08-14 21:00:00,2.08,234.2,11.24,SW
1995-08-15 00:00:00,2.09,234.2,11.5199995,SW
1995-08-15 03:00:00,2.07,233.45999,11.46,SW
1995-08-15 06:00:00,2.03,233.08,11.28,SW
1995-08-15 09:00:00,1.9499999,233.55,11.21,SW
1995-08-15 12:00:00,1.8399999,234.41,11.19,SW
1995-08-15 15:00:00,1.77,235.25,11.21,SW
1995-08-15 18:00:00,1.76,235.67,11.29,SW
1995-08-15 21:00:00,1.65,236.08,11.23,SW
1995-08-16 00:00:00,1.6899999,235.93,11.67,SW
1995-08-16 03:00:00,1.73,235.62,11.83,SW
1995-08-16 06:00:00,1.6899999,235.07,11.78,SW
1995-08-16 09:00:00,1.63,235.82,11.75,SW
1995-08-16 12:00:00,1.68,236.63,11.83,SW
1995-08-16 15:00:00,1.5999999,237.43,11.57,SW
1995-08-16 18:00:00,1.6899999,239.43,11.259999,SW
1995-08-16 21:00:00,1.76,238.58,6.45,SW
1995-08-17 00:00:00,1.6899999,238.62,6.6499996,SW
1995-08-17 03:00:00,1.5899999,239.70999,6.73,SW
1995-08-17 06:00:00,1.54,241.68,15.809999,SW
1995-08-17 09:00:00,1.5999999,245.1,14.96,SW
1995-08-17 12:00:00,1.6999999,249.45999,14.299999,W
1995-08-17 15:00:00,2.04,257.91,20.3,W
1995-08-17 18:00:00,2.53,260.74,19.89,W
1995-08-17 21:00:00,3.1999998,261.1,19.39,W
1995-08-18 00:00:00,3.83,260.97,8.26,W
1995-08-18 03:00:00,4.38,253.07,9.51,W
1995-08-18 06:00:00,4.5,247.33,10.849999,SW
1995-08-18 09:00:00,4.4,245.17,11.95,SW
1995-08-18 12:00:00,4.24,244.17,14.36,SW
1995-08-18 15:00:00,4.06,243.84,14.34,SW
1995-08-18 18:00:00,3.9199998,243.22,14.299999,SW
1995-08-18 21:00:00,3.79,242.39,14.24,SW
1995-08-19 00:00:00,3.6299999,241.98999,14.16,SW
1995-08-19 03:00:00,3.55,240.69,14.059999,SW
1995-08-19 06:00:00,3.49,239.65,13.9,SW
1995-08-19 09:00:00,3.4199998,239.58,13.65,SW
1995-08-19 12:00:00,3.57,239.29,13.67,SW
1995-08-19 15:00:00,3.6,238.56,13.63,SW
1995-08-19 18:00:00,3.4499998,238.81,13.46,SW
1995-08-19 21:00:00,3.26,239.69,13.349999,SW
1995-08-20 00:00:00,3.12,240.65,13.38,SW
1995-08-20 03:00:00,3.04,241.28,13.549999,SW
1995-08-20 06:00:00,2.98,241.09,14.009999,SW
1995-08-20 09:00:00,2.95,240.53,14.389999,SW
1995-08-20 12:00:00,2.9099998,240.2,14.589999,SW
1995-08-20 15:00:00,2.8799999,239.88,14.66,SW
1995-08-20 18:00:00,2.86,240.04,14.67,SW
1995-08-20 21:00:00,2.83,240.4,14.63,SW
1995-08-21 00:00:00,2.78,240.52,14.57,SW
1995-08-21 03:00:00,2.75,240.91,14.54,SW
1995-08-21 06:00:00,2.71,241.51,14.559999,SW
1995-08-21 09:00:00,2.75,243.51,14.63,SW
1995-08-21 12:00:00,2.74,243.87,14.73,SW
1995-08-21 15:00:00,2.6399999,243.6,14.78,SW
1995-08-21 18:00:00,2.56,243.91,14.82,SW
1995-08-21 21:00:00,2.55,244.12,14.849999,SW
1995-08-22 00:00:00,2.53,243.47,14.839999,SW
1995-08-22 03:00:00,2.5,242.47,14.87,SW
1995-08-22 06:00:00,2.45,241.37,14.91,SW
1995-08-22 09:00:00,2.36,240.38,14.96,SW
1995-08-22 12:00:00,2.3899999,238.89,15.37,SW
1995-08-22 15:00:00,2.36,237.92,15.62,SW
1995-08-22 18:00:00,2.31,237.7,15.889999,SW
1995-08-22 21:00:00,2.1499999,238.14,15.41,SW
1995-08-23 00:00:00,2.0,238.98999,14.98,SW
1995-08-23 03:00:00,1.87,240.32,14.74,SW
1995-08-23 06:00:00,1.78,242.66,14.589999,SW
1995-08-23 09:00:00,1.7199999,245.56,14.46,SW
1995-08-23 12:00:00,1.64,249.61,14.21,W
1995-08-23 15:00:00,1.5899999,256.07,13.94,W
1995-08-23 18:00:00,1.61,267.41998,13.599999,W
1995-08-23 21:00:00,1.74,281.16998,13.48,W
1995-08-24 00:00:00,1.93,286.24,17.46,W
1995-08-24 03:00:00,2.24,287.83,17.18,W
1995-08-24 06:00:00,2.69,288.78,16.69,W
1995-08-24 09:00:00,2.7,273.41998,16.23,W
1995-08-24 12:00:00,2.74,256.31,15.91,W
1995-08-24 15:00:00,2.9299998,246.14,15.509999,SW
1995-08-24 18:00:00,3.1899998,239.28,7.5099998,SW
1995-08-24 21:00:00,3.61,233.22,8.179999,SW
1995-08-25 00:00:00,3.6499999,233.98,18.359999,SW
1995-08-25 03:00:00,3.76,234.63,17.69,SW
1995-08-25 06:00:00,3.9299998,234.38,17.21,SW
1995-08-25 09:00:00,3.8999999,235.01,16.58,SW
1995-08-25 12:00:00,3.7099998,235.48999,16.1,SW
1995-08-25 15:00:00,3.5,235.47,15.83,SW
1995-08-25 18:00:00,3.32,235.16,15.61,SW
1995-08-25 21:00:00,3.3799999,234.57,15.79,SW
1995-08-26 00:00:00,3.33,233.84,15.88,SW
1995-08-26 03:00:00,3.1,233.04,15.429999,SW
1995-08-26 06:00:00,2.8899999,232.43,14.95,SW
1995-08-26 09:00:00,2.7,231.95999,14.71,SW
1995-08-26 12:00:00,2.61,232.42,14.759999,SW
1995-08-26 15:00:00,2.3,233.04,14.37,SW
1995-08-26 18:00:00,2.06,233.28,14.049999,SW
1995-08-26 21:00:00,1.8399999,234.31,13.65,SW
1995-08-27 00:00:00,1.62,236.05,13.309999,SW
1995-08-27 03:00:00,1.4599999,237.45,12.98,SW
1995-08-27 06:00:00,1.4599999,236.79,12.759999,SW
1995-08-27 09:00:00,1.48,237.38,19.18,SW
1995-08-27 12:00:00,1.52,237.41,18.85,SW
1995-08-27 15:00:00,1.54,237.70999,18.65,SW
1995-08-27 18:00:00,1.66,237.82,19.02,SW
1995-08-27 21:00:00,1.87,238.98999,18.9,SW
1995-08-28 00:00:00,2.21,244.82,18.449999,SW
1995-08-28 03:00:00,2.49,246.11,17.74,SW
1995-08-28 06:00:00,2.8899999,245.88,17.31,SW
1995-08-28 09:00:00,3.29,245.20999,16.8,SW
1995-08-28 12:00:00,3.6599998,244.79999,16.23,SW
1995-08-28 15:00:00,4.0699997,245.58,9.19,SW
1995-08-28 18:00:00,4.61,243.23,10.04,SW
1995-08-28 21:00:00,4.89,241.70999,11.05,SW
1995-08-29 00:00:00,4.89,241.86,12.32,SW
1995-08-29 03:00:00,4.73,241.88,12.99,SW
1995-08-29 06:00:00,4.5,241.55,13.389999,SW
1995-08-29 09:00:00,4.23,241.63,13.809999,SW
1995-08-29 12:00:00,3.9599998,241.91,14.139999,SW
1995-08-29 15:00:00,3.74,242.06,14.42,SW
1995-08-29 18:00:00,3.51,242.06,14.639999,SW
1995-08-29 21:00:00,3.4399998,241.95,14.98,SW
1995-08-30 00:00:00,3.28,241.62,14.96,SW
1995-08-30 03:00:00,3.11,241.6,14.809999,SW
1995-08-30 06:00:00,3.0,241.32,14.7,SW
1995-08-30 09:00:00,2.9199998,241.06,14.599999,SW
1995-08-30 12:00:00,2.86,241.51,14.57,SW
1995-08-30 15:00:00,2.76,242.11,14.469999,SW
1995-08-30 18:00:00,2.6599998,242.85,14.37,SW
1995-08-30 21:00:00,2.54,244.45999,14.11,SW
1995-08-31 00:00:00,2.46,246.45,13.78,SW
1995-08-31 03:00:00,2.34,248.13,13.349999,W
1995-08-31 06:00:00,2.25,250.11,13.21,W
1995-08-31 09:00:00,2.1699998,251.26001,13.24,W
1995-08-31 12:00:00,2.1,251.44,13.349999,W
1995-08-31 15:00:00,2.09,251.70999,13.53,W
1995-08-31 18:00:00,2.1699998,251.75,14.219999,W
1995-08-31 21:00:00,2.31,250.04999,15.0199995,W
1995-09-01 00:00:00,2.48,248.23999,15.19,W
1995-09-01 03:00:00,2.6399999,247.67,15.259999,W
1995-09-01 06:00:00,2.74,247.98999,15.23,W
1995-09-01 09:00:00,2.82,249.97,15.219999,W
1995-09-01 12:00:00,2.9299998,253.04999,15.54,W
1995-09-01 15:00:00,3.02,258.22998,15.73,W
1995-09-01 18:00:00,3.25,263.46,17.41,W
1995-09-01 21:00:00,3.57,270.03,18.47,W
1995-09-02 00:00:00,3.81,263.56,18.3,W
1995-09-02 03:00:00,4.18,255.35,17.83,W
1995-09-02 06:00:00,4.38,250.95,17.21,W
1995-09-02 09:00:00,4.46,247.54999,16.67,W
1995-09-02 12:00:00,4.19,244.98999,15.91,SW
1995-09-02 15:00:00,4.02,244.04999,15.7699995,SW
1995-09-02 18:00:00,3.77,243.95,15.57,SW
1995-09-02 21:00:00,3.55,243.79,15.4,SW
1995-09-03 00:00:00,3.47,243.48,16.17,SW
1995-09-03 03:00:00,3.36,242.66,16.94,SW
1995-09-03 06:00:00,3.1999998,242.16,16.51,SW
1995-09-03 09:00:00,2.99,242.03,15.99,SW
1995-09-03 12:00:00,2.79,242.15,15.61,SW
1995-09-03 15:00:00,2.6,242.34,15.12,SW
1995-09-03 18:00:00,2.44,242.45999,14.759999,SW
1995-09-03 21:00:00,2.28,242.47,14.54,SW
1995-09-04 00:00:00,2.1499999,242.73999,14.389999,SW
1995-09-04 03:00:00,2.04,244.70999,14.259999,SW
1995-09-04 06:00:00,1.9399999,248.51999,14.15,W
1995-09-04 09:00:00,1.8399999,253.2,14.099999,W
1995-09-04 12:00:00,1.86,261.05,14.349999,W
1995-09-04 15:00:00,1.8199999,277.3,14.139999,W
1995-09-04 18:00:00,2.07,292.07,14.69,W
1995-09-04 21:00:00,2.06,291.3,14.66,W
1995-09-05 00:00:00,2.07,284.35,14.79,W
1995-09-05 03:00:00,2.05,278.25,14.87,W
1995-09-05 06:00:00,2.0,274.12,14.83,W
1995-09-05 09:00:00,1.6899999,269.36,13.61,W
1995-09-05 12:00:00,1.68,262.34,14.349999,W
1995-09-05 15:00:00,1.74,260.31,14.639999,W
1995-09-05 18:00:00,1.89,268.88,14.7,W
1995-09-05 21:00:00,2.21,289.66,14.589999,W
1995-09-06 00:00:00,2.31,300.58,7.66,NW
1995-09-06 03:00:00,2.6,316.08002,7.96,NW
1995-09-06 06:00:00,2.96,328.4,8.07,NW
1995-09-06 09:00:00,3.3999999,333.18,8.87,NW
1995-09-06 12:00:00,3.9599998,320.49,9.99,NW
1995-09-06 15:00:00,4.11,304.7,10.7699995,NW
1995-09-06 18:00:00,4.23,285.87,10.7,W
1995-09-06 21:00:00,4.5699997,277.01,10.59,W
1995-09-07 00:00:00,4.67,272.32,10.79,W
1995-09-07 03:00:00,4.71,269.62,10.83,W
1995-09-07 06:00:00,4.56,265.89,10.9,W
1995-09-07 09:00:00,4.54,262.54,11.219999,W
1995-09-07 12:00:00,4.5299997,259.53,11.86,W
1995-09-07 15:00:00,4.49,257.46,12.46,W
1995-09-07 18:00:00,4.3399997,256.55,12.66,W
1995-09-07 21:00:00,4.1,255.48999,12.59,W
1995-09-08 00:00:00,3.8899999,254.28,12.44,W
1995-09-08 03:00:00,3.6499999,253.67,12.23,W
1995-09-08 06:00:00,3.4399998,253.72,12.04,W
1995-09-08 09:00:00,3.1999998,253.09,11.849999,W
1995-09-08 12:00:00,2.95,252.62,11.65,W
1995-09-08 15:00:00,2.72,252.4,11.46,W
1995-09-08 18:00:00,2.55,252.12,11.44,W
1995-09-08 21:00:00,2.4099998,251.61,11.559999,W
1995-09-09 00:00:00,2.32,251.14,11.57,W
1995-09-09 03:00:00,2.26,250.36,11.469999,W
1995-09-09 06:00:00,2.23,248.88,11.29,W
1995-09-09 09:00:00,2.2,247.08,11.21,SW
1995-09-09 12:00:00,2.1499999,245.54001,11.2,SW
1995-09-09 15:00:00,2.09,244.17,11.23,SW
1995-09-09 18:00:00,2.01,242.86,11.25,SW
1995-09-09 21:00:00,1.9,242.14,11.179999,SW
1995-09-10 00:00:00,1.79,241.98999,11.08,SW
1995-09-10 03:00:00,1.6999999,241.95,11.0199995,SW
1995-09-10 06:00:00,1.62,241.84,10.969999,SW
1995-09-10 09:00:00,1.56,241.62,10.92,SW
1995-09-10 12:00:00,1.48,241.22,10.74,SW
1995-09-10 15:00:00,1.4399999,240.88,10.599999,SW
1995-09-10 18:00:00,1.4,240.42,16.46,SW
1995-09-10 21:00:00,1.42,239.48999,16.289999,SW
1995-09-11 00:00:00,1.48,238.3,16.119999,SW
1995-09-11 03:00:00,1.56,237.16,15.67,SW
1995-09-11 06:00:00,1.64,236.18,15.2699995,SW
1995-09-11 09:00:00,1.66,235.79,14.91,SW
1995-09-11 12:00:00,1.67,235.77,14.78,SW
1995-09-11 15:00:00,1.61,235.69,14.549999,SW
1995-09-11 18:00:00,1.5,235.47,14.2,SW
1995-09-11 21:00:00,1.42,235.22,14.059999,SW
1995-09-12 00:00:00,1.3199999,234.85,13.7,SW
1995-09-12 03:00:00,1.24,234.64,14.03,SW
1995-09-12 06:00:00,1.2099999,234.31,14.38,SW
1995-09-12 09:00:00,1.18,233.64,14.599999,SW
1995-09-12 12:00:00,1.18,233.16,14.889999,SW
1995-09-12 15:00:00,1.16,233.23999,14.78,SW
1995-09-12 18:00:00,1.11,233.56,14.549999,SW
1995-09-12 21:00:00,1.09,233.9,14.41,SW
1995-09-13 00:00:00,1.0799999,234.45999,14.259999,SW
1995-09-13 03:00:00,1.0799999,235.0,14.15,SW
1995-09-13 06:00:00,1.1,235.54,14.049999,SW
1995-09-13 09:00:00,1.12,236.3,13.95,SW
1995-09-13 12:00:00,1.13,237.42,13.799999,SW
1995-09-13 15:00:00,1.14,238.8,13.61,SW
1995-09-13 18:00:00,1.15,240.28,13.33,SW
1995-09-13 21:00:00,1.16,241.88,13.059999,SW
1995-09-14 00:00:00,1.1999999,243.16,12.94,SW
1995-09-14 03:00:00,1.26,243.83,13.0199995,SW
1995-09-14 06:00:00,1.3299999,243.58,13.15,SW
1995-09-14 09:00:00,1.39,242.76,13.49,SW
1995-09-14 12:00:00,1.49,241.66,14.179999,SW
1995-09-14 15:00:00,1.5899999,240.54,14.589999,SW
1995-09-14 18:00:00,1.64,240.03,14.66,SW
1995-09-14 21:00:00,1.87,239.53,15.58,SW
1995-09-15 00:00:00,1.6899999,240.08,14.639999,SW
1995-09-15 03:00:00,1.54,241.19,14.2,SW
1995-09-15 06:00:00,1.5799999,242.97,14.34,SW
1995-09-15 09:00:00,1.41,245.29999,13.58,SW
1995-09-15 12:00:00,1.3,247.59,13.17,W
1995-09-15 15:00:00,1.24,251.08,12.87,W
1995-09-15 18:00:00,1.26,254.73,12.509999,W
1995-09-15 21:00:00,1.41,256.35,12.969999,W
1995-09-16 00:00:00,1.37,255.66,12.92,W
1995-09-16 03:00:00,1.3399999,253.42,12.99,W
1995-09-16 06:00:00,1.31,250.12,12.92,W
1995-09-16 09:00:00,1.31,246.88,12.79,SW
1995-09-16 12:00:00,1.3399999,243.91,12.799999,SW
1995-09-16 15:00:00,1.41,241.34,13.08,SW
1995-09-16 18:00:00,1.49,239.27,13.48,SW
1995-09-16 21:00:00,1.5999999,237.82,14.17,SW
1995-09-17 00:00:00,1.73,237.25,14.469999,SW
1995-09-17 03:00:00,1.8499999,237.27,14.49,SW
1995-09-17 06:00:00,1.9399999,237.29,14.42,SW
1995-09-17 09:00:00,1.99,237.70999,14.33,SW
1995-09-17 12:00:00,2.04,238.4,14.37,SW
1995-09-17 15:00:00,2.05,239.47,14.44,SW
1995-09-17 18:00:00,2.08,241.25,14.66,SW
1995-09-17 21:00:00,2.24,243.52,15.61,SW
1995-09-18 00:00:00,2.2,245.67,15.36,SW
1995-09-18 03:00:00,2.1,249.9,14.92,W
1995-09-18 06:00:00,1.9699999,250.7,14.549999,W
1995-09-18 09:00:00,1.78,249.61,14.24,W
1995-09-18 12:00:00,1.67,248.51001,14.13,W
1995-09-18 15:00:00,1.53,247.22,13.799999,SW
1995-09-18 18:00:00,1.4499999,244.82,13.54,SW
1995-09-18 21:00:00,1.42,241.58,20.83,SW
1995-09-19 00:00:00,1.49,238.2,20.55,SW
1995-09-19 03:00:00,1.54,235.88,20.0,SW
1995-09-19 06:00:00,1.64,234.94,19.72,SW
1995-09-19 09:00:00,1.76,234.44,19.4,SW
1995-09-19 12:00:00,1.88,234.27,19.05,SW
1995-09-19 15:00:00,1.9599999,234.23,18.56,SW
1995-09-19 18:00:00,1.99,234.22,17.859999,SW
1995-09-19 21:00:00,2.0,234.6,17.59,SW
1995-09-20 00:00:00,1.99,234.87,17.42,SW
1995-09-20 03:00:00,1.91,234.85,17.06,SW
1995-09-20 06:00:00,1.8,234.81,16.32,SW
1995-09-20 09:00:00,1.6999999,234.88,15.86,SW
1995-09-20 12:00:00,1.86,234.94,16.81,SW
1995-09-20 15:00:00,1.67,235.22,16.539999,SW
1995-09-20 18:00:00,1.53,235.43,16.039999,SW
1995-09-20 21:00:00,1.4499999,235.56,16.24,SW
1995-09-21 00:00:00,1.3399999,235.65,16.34,SW
1995-09-21 03:00:00,1.23,235.65,15.4,SW
1995-09-21 06:00:00,1.2099999,235.69,15.33,SW
1995-09-21 09:00:00,1.2099999,235.93,15.349999,SW
1995-09-21 12:00:00,1.27,238.01,15.46,SW
1995-09-21 15:00:00,1.3299999,240.1,15.549999,SW
1995-09-21 18:00:00,1.41,248.45999,15.12,W
1995-09-21 21:00:00,1.54,256.59,15.11,W
1995-09-22 00:00:00,1.75,271.22998,17.39,W
1995-09-22 03:00:00,1.9,283.02,16.64,W
1995-09-22 06:00:00,2.21,287.33,6.58,W
1995-09-22 09:00:00,2.45,278.63,7.54,W
1995-09-22 12:00:00,2.53,270.45,8.23,W
1995-09-22 15:00:00,2.51,263.36,8.66,W
1995-09-22 18:00:00,2.52,257.66,16.63,W
1995-09-22 21:00:00,2.59,252.98,16.34,W
1995-09-23 00:00:00,2.7,249.04999,16.039999,W
1995-09-23 03:00:00,2.84,246.04001,15.83,SW
1995-09-23 06:00:00,3.01,243.85,16.99,SW
1995-09-23 09:00:00,3.1699998,242.31,17.34,SW
1995-09-23 12:00:00,3.52,241.41,17.949999,SW
1995-09-23 15:00:00,3.74,240.39,18.67,SW
1995-09-23 18:00:00,3.61,240.31,17.9,SW
1995-09-23 21:00:00,3.46,240.06,17.49,SW
1995-09-24 00:00:00,3.3899999,239.82,17.33,SW
1995-09-24 03:00:00,3.28,239.56,17.199999,SW
1995-09-24 06:00:00,3.1799998,239.39,17.119999,SW
1995-09-24 09:00:00,3.03,239.38,17.01,SW
1995-09-24 12:00:00,2.81,239.57,16.4,SW
1995-09-24 15:00:00,2.96,239.70999,17.02,SW
1995-09-24 18:00:00,2.74,239.62,16.69,SW
1995-09-24 21:00:00,2.53,239.36,15.98,SW
1995-09-25 00:00:00,2.3999999,239.0,15.53,SW
1995-09-25 03:00:00,2.22,238.51,14.94,SW
1995-09-25 06:00:00,2.26,237.91,15.03,SW
1995-09-25 09:00:00,2.27,237.58,15.57,SW
1995-09-25 12:00:00,2.27,237.32,16.359999,SW
1995-09-25 15:00:00,2.23,237.28,16.17,SW
1995-09-25 18:00:00,2.2,237.8,15.91,SW
1995-09-25 21:00:00,2.1699998,238.98,15.65,SW
1995-09-26 00:00:00,2.1399999,240.5,15.4,SW
1995-09-26 03:00:00,2.12,241.82,15.2699995,SW
1995-09-26 06:00:00,2.07,242.78,15.2699995,SW
1995-09-26 09:00:00,2.01,243.66,15.28,SW
1995-09-26 12:00:00,1.93,244.42,15.179999,SW
1995-09-26 15:00:00,1.8499999,245.15,15.08,SW
1995-09-26 18:00:00,1.77,246.0,15.03,SW
1995-09-26 21:00:00,1.68,249.45,14.849999,W
1995-09-27 00:00:00,1.56,251.83,14.69,W
1995-09-27 03:00:00,1.5,253.95999,14.62,W
1995-09-27 06:00:00,1.48,257.31,14.67,W
1995-09-27 09:00:00,1.4399999,256.62,14.83,W
1995-09-27 12:00:00,1.37,254.48999,14.849999,W
1995-09-27 15:00:00,1.37,256.51,14.86,W
1995-09-27 18:00:00,1.41,261.77,14.82,W
1995-09-27 21:00:00,1.48,271.46,14.809999,W
1995-09-28 00:00:00,1.53,281.76,14.78,W
1995-09-28 03:00:00,1.5899999,294.27,14.7,NW
1995-09-28 06:00:00,1.68,303.72998,14.83,NW
1995-09-28 09:00:00,1.67,298.8,15.33,NW
1995-09-28 12:00:00,1.67,293.72998,16.14,NW
1995-09-28 15:00:00,1.68,283.24,16.08,W
1995-09-28 18:00:00,1.7099999,277.32,15.969999,W
1995-09-28 21:00:00,1.7199999,269.29,15.719999,W
1995-09-29 00:00:00,1.7199999,263.32,15.389999,W
1995-09-29 03:00:00,1.6899999,259.02,14.94,W
1995-09-29 06:00:00,1.65,255.20999,14.69,W
1995-09-29 09:00:00,1.5999999,253.38,14.44,W
1995-09-29 12:00:00,1.61,254.87,14.349999,W
1995-09-29 15:00:00,1.63,256.88,14.36,W
1995-09-29 18:00:00,1.67,258.87,19.23,W
1995-09-29 21:00:00,1.67,260.5,18.81,W
1995-09-30 00:00:00,1.62,261.04,18.01,W
1995-09-30 03:00:00,1.5699999,260.24,17.65,W
1995-09-30 06:00:00,1.56,259.31,17.39,W
1995-09-30 09:00:00,1.55,257.96,17.199999,W
1995-09-30 12:00:00,1.53,256.88,16.93,W
1995-09-30 15:00:00,1.4599999,257.74,16.0,W
1995-09-30 18:00:00,1.4599999,261.47998,15.38,W
1995-09-30 21:00:00,1.56,267.18,14.98,W
1995-10-01 00:00:00,1.76,272.82,14.799999,W
1995-10-01 03:00:00,2.06,278.91,21.73,W
1995-10-01 06:00:00,2.1699998,277.7,21.24,W
1995-10-01 09:00:00,2.1699998,274.45,20.77,W
1995-10-01 12:00:00,2.26,272.28,20.52,W
1995-10-01 15:00:00,2.25,270.5,19.779999,W
1995-10-01 18:00:00,2.3,268.93,19.449999,W
1995-10-01 21:00:00,2.4199998,266.58002,19.449999,W
1995-10-02 00:00:00,2.4099998,263.07,19.21,W
1995-10-02 03:00:00,2.51,261.76,19.369999,W
1995-10-02 06:00:00,2.44,258.0,19.039999,W
1995-10-02 09:00:00,2.31,255.13,18.6,W
1995-10-02 12:00:00,2.18,253.92,17.89,W
1995-10-02 15:00:00,2.05,251.91,17.47,W
1995-10-02 18:00:00,1.9499999,248.89,17.22,W
1995-10-02 21:00:00,1.87,245.56,17.17,SW
1995-10-03 00:00:00,1.76,243.34,16.9,SW
1995-10-03 03:00:00,1.6999999,242.0,16.09,SW
1995-10-03 06:00:00,1.73,239.48999,15.65,SW
1995-10-03 09:00:00,1.65,239.22,15.37,SW
1995-10-03 12:00:00,1.5899999,239.18,15.639999,SW
1995-10-03 15:00:00,1.4699999,239.01,15.53,SW
1995-10-03 18:00:00,1.39,238.7,15.559999,SW
1995-10-03 21:00:00,1.23,238.86,15.0199995,SW
1995-10-04 00:00:00,1.22,242.52,14.929999,SW
1995-10-04 03:00:00,1.22,247.48,14.87,SW
1995-10-04 06:00:00,1.25,258.11,14.65,W
1995-10-04 09:00:00,1.39,268.86,14.63,W
1995-10-04 12:00:00,1.5,272.35,17.98,W
1995-10-04 15:00:00,1.73,273.13,18.89,W
1995-10-04 18:00:00,1.93,276.74,9.07,W
1995-10-04 21:00:00,2.27,282.78,9.63,W
1995-10-05 00:00:00,2.3799999,287.72998,9.65,W
1995-10-05 03:00:00,2.29,285.41998,9.349999,W
1995-10-05 06:00:00,2.32,279.46,9.429999,W
1995-10-05 09:00:00,2.31,274.21,9.32,W
1995-10-05 12:00:00,2.1699998,271.94,9.41,W
1995-10-05 15:00:00,2.21,271.58,15.219999,W
1995-10-05 18:00:00,2.44,272.34,14.75,W
1995-10-05 21:00:00,2.82,272.16,8.82,W
1995-10-06 00:00:00,3.1599998,268.06,9.179999,W
1995-10-06 03:00:00,3.33,263.36,10.12,W
1995-10-06 06:00:00,3.29,259.63,10.889999,W
1995-10-06 09:00:00,3.1999998,256.62,10.86,W
1995-10-06 12:00:00,3.1299999,255.36,10.86,W
1995-10-06 15:00:00,2.81,254.48,10.46,W
1995-10-06 18:00:00,2.55,253.58,10.03,W
1995-10-06 21:00:00,2.34,252.72,9.76,W
1995-10-07 00:00:00,2.22,252.01001,9.559999,W
1995-10-07 03:00:00,2.05,251.48,9.21,W
1995-10-07 06:00:00,1.89,251.01999,8.98,W
1995-10-07 09:00:00,1.73,250.4,8.73,W
1995-10-07 12:00:00,1.73,249.98,8.8,W
1995-10-07 15:00:00,1.53,250.23999,8.36,W
1995-10-07 18:00:00,1.39,251.06,8.139999,W
1995-10-07 21:00:00,1.3199999,256.25,7.93,W
1995-10-08 00:00:00,1.29,264.25,7.6,W
1995-10-08 03:00:00,1.3,267.96,13.29,W
1995-10-08 06:00:00,1.36,268.75,15.5199995,W
1995-10-08 09:00:00,1.4599999,263.93,15.91,W
1995-10-08 12:00:00,1.5699999,257.8,15.7699995,W
1995-10-08 15:00:00,1.74,256.97998,15.5,W
1995-10-08 18:00:00,1.88,256.03,15.219999,W
1995-10-08 21:00:00,1.9699999,254.26001,15.059999,W
1995-10-09 00:00:00,2.01,251.57,15.0199995,W
1995-10-09 03:00:00,2.02,250.43,15.0199995,W
1995-10-09 06:00:00,2.08,252.09,14.809999,W
1995-10-09 09:00:00,2.1299999,252.87,14.5,W
1995-10-09 12:00:00,2.37,251.87,14.58,W
1995-10-09 15:00:00,2.47,250.56,14.49,W
1995-10-09 18:00:00,2.54,250.11,14.469999,W
1995-10-09 21:00:00,2.59,249.29999,14.44,W
1995-10-10 00:00:00,2.6299999,248.08,14.45,W
1995-10-10 03:00:00,2.6799998,247.32,14.45,SW
1995-10-10 06:00:00,2.73,247.07,14.32,SW
1995-10-10 09:00:00,2.79,247.32,14.2,SW
1995-10-10 12:00:00,3.1699998,247.08,14.44,SW
1995-10-10 15:00:00,3.23,246.68,14.11,SW
1995-10-10 18:00:00,3.1699998,247.28,13.19,SW
1995-10-10 21:00:00,3.33,247.66,12.5199995,W
1995-10-11 00:00:00,3.33,247.56,11.94,W
1995-10-11 03:00:00,3.1899998,246.73,11.389999,SW
1995-10-11 06:00:00,3.11,245.82,10.809999,SW
1995-10-11 09:00:00,3.02,245.22,10.099999,SW
1995-10-11 12:00:00,2.9099998,244.84,9.719999,SW
1995-10-11 15:00:00,2.72,245.31,9.53,SW
1995-10-11 18:00:00,2.5,247.1,9.33,SW
1995-10-11 21:00:00,2.3799999,251.85,9.05,W
1995-10-12 00:00:00,2.29,256.28,8.38,W
1995-10-12 03:00:00,2.36,262.31,8.179999,W
1995-10-12 06:00:00,2.5,265.61,8.13,W
1995-10-12 09:00:00,2.46,261.09,8.23,W
1995-10-12 12:00:00,2.3,256.13,8.37,W
1995-10-12 15:00:00,2.2,251.29001,8.54,W
1995-10-12 18:00:00,2.1499999,246.95,8.82,SW
1995-10-12 21:00:00,2.1499999,243.78,9.2,SW
1995-10-13 00:00:00,2.22,241.83,14.73,SW
1995-10-13 03:00:00,2.23,241.0,14.48,SW
1995-10-13 06:00:00,2.18,241.26,14.28,SW
1995-10-13 09:00:00,2.09,241.84,14.11,SW
1995-10-13 12:00:00,2.03,242.4,14.03,SW
1995-10-13 15:00:00,1.9399999,242.51,13.929999,SW
1995-10-13 18:00:00,1.8399999,242.14,13.889999,SW
1995-10-13 21:00:00,1.7099999,244.28,13.57,SW
1995-10-14 00:00:00,1.56,255.88,13.07,W
1995-10-14 03:00:00,1.5,274.05,12.759999,W
1995-10-14 06:00:00,1.4499999,286.18,12.44,W
1995-10-14 09:00:00,1.39,298.41,5.94,NW
1995-10-14 12:00:00,1.78,304.3,6.5099998,NW
1995-10-14 15:00:00,2.3799999,304.8,7.37,NW
1995-10-14 18:00:00,2.99,300.16,8.74,NW
1995-10-14 21:00:00,3.05,288.47,9.349999,W
1995-10-15 00:00:00,2.86,277.09,9.48,W
1995-10-15 03:00:00,2.96,264.69,9.45,W
1995-10-15 06:00:00,3.25,257.08002,9.19,W
1995-10-15 09:00:00,3.74,252.11,9.44,W
1995-10-15 12:00:00,4.15,250.83,10.099999,W
1995-10-15 15:00:00,4.5099998,250.01001,11.349999,W
1995-10-15 18:00:00,4.79,248.7,12.259999,W
1995-10-15 21:00:00,4.91,247.29999,12.74,SW
1995-10-16 00:00:00,4.87,245.20999,12.74,SW
1995-10-16 03:00:00,4.61,243.38,12.83,SW
1995-10-16 06:00:00,4.36,241.76,13.03,SW
1995-10-16 09:00:00,4.24,239.65,13.37,SW
1995-10-16 12:00:00,4.41,237.53,14.509999,SW
1995-10-16 15:00:00,4.56,235.92,17.6,SW
1995-10-16 18:00:00,4.5699997,235.75,17.59,SW
1995-10-16 21:00:00,4.3399997,235.98999,16.92,SW
1995-10-17 00:00:00,4.08,235.95999,15.839999,SW
1995-10-17 03:00:00,3.82,235.84,15.4,SW
1995-10-17 06:00:00,3.59,235.42,15.11,SW
1995-10-17 09:00:00,3.36,235.45999,14.839999,SW
1995-10-17 12:00:00,3.1799998,235.77,14.69,SW
1995-10-17 15:00:00,3.01,236.20999,14.549999,SW
1995-10-17 18:00:00,2.85,236.54,14.37,SW
1995-10-17 21:00:00,2.72,236.81,14.24,SW
1995-10-18 00:00:00,2.57,236.82,14.09,SW
1995-10-18 03:00:00,2.4299998,236.88,13.799999,SW
1995-10-18 06:00:00,2.28,237.39,13.5,SW
1995-10-18 09:00:00,2.1499999,238.29,13.309999,SW
1995-10-18 12:00:00,2.01,239.86,13.099999,SW
1995-10-18 15:00:00,1.9499999,243.51,12.98,SW
1995-10-18 18:00:00,1.9699999,247.19,12.86,SW
1995-10-18 21:00:00,2.1499999,254.56,12.7699995,W
1995-10-19 00:00:00,2.23,246.01001,12.71,SW
1995-10-19 03:00:00,2.59,236.3,13.759999,SW
1995-10-19 06:00:00,2.82,234.7,16.96,SW
1995-10-19 09:00:00,2.98,234.66,16.46,SW
1995-10-19 12:00:00,3.23,235.33,16.42,SW
1995-10-19 15:00:00,3.34,236.45,16.15,SW
1995-10-19 18:00:00,3.32,237.18,15.929999,SW
1995-10-19 21:00:00,3.09,237.84,15.5199995,SW
1995-10-20 00:00:00,2.9099998,238.34,15.15,SW
1995-10-20 03:00:00,2.71,238.63,14.759999,SW
1995-10-20 06:00:00,2.48,238.91,14.48,SW
1995-10-20 09:00:00,2.26,239.19,14.21,SW
1995-10-20 12:00:00,2.06,239.43,13.719999,SW
1995-10-20 15:00:00,1.9,239.82,13.28,SW
1995-10-20 18:00:00,1.76,240.23,13.009999,SW
1995-10-20 21:00:00,1.7099999,240.23,13.12,SW
1995-10-21 00:00:00,1.5999999,240.62,13.16,SW
1995-10-21 03:00:00,1.54,240.79,13.219999,SW
1995-10-21 06:00:00,1.5,240.98999,13.299999,SW
1995-10-21 09:00:00,1.49,240.47,13.11,SW
1995-10-21 12:00:00,1.53,239.41,12.94,SW
1995-10-21 15:00:00,1.5799999,238.91,12.759999,SW
1995-10-21 18:00:00,1.6899999,238.67,12.73,SW
1995-10-21 21:00:00,1.8199999,238.69,12.92,SW
1995-10-22 00:00:00,1.99,238.84,13.03,SW
1995-10-22 03:00:00,2.1599998,238.2,13.009999,SW
1995-10-22 06:00:00,2.34,236.51,13.059999,SW
1995-10-22 09:00:00,2.44,235.9,13.929999,SW
1995-10-22 12:00:00,2.6599998,235.33,15.299999,SW
1995-10-22 15:00:00,2.83,234.84,15.2,SW
1995-10-22 18:00:00,2.96,234.14,15.07,SW
1995-10-22 21:00:00,3.1399999,233.81,15.36,SW
1995-10-23 00:00:00,3.12,233.64,15.37,SW
1995-10-23 03:00:00,3.01,233.66,15.12,SW
1995-10-23 06:00:00,2.8899999,233.59,14.9,SW
1995-10-23 09:00:00,2.78,233.62,14.839999,SW
1995-10-23 12:00:00,2.69,233.75,14.929999,SW
1995-10-23 15:00:00,2.59,233.92,15.07,SW
1995-10-23 18:00:00,2.49,234.1,15.29,SW
1995-10-23 21:00:00,2.6599998,234.27,16.199999,SW
1995-10-24 00:00:00,2.56,234.48999,16.27,SW
1995-10-24 03:00:00,2.37,234.48999,15.719999,SW
1995-10-24 06:00:00,2.21,234.38,15.33,SW
1995-10-24 09:00:00,2.23,234.38,15.66,SW
1995-10-24 12:00:00,2.1499999,234.1,15.67,SW
1995-10-24 15:00:00,1.99,234.07,15.19,SW
1995-10-24 18:00:00,1.81,233.9,14.73,SW
1995-10-24 21:00:00,1.64,233.45999,14.259999,SW
1995-10-25 00:00:00,1.63,233.09,14.2699995,SW
1995-10-25 03:00:00,1.63,233.7,14.32,SW
1995-10-25 06:00:00,1.5899999,234.62,14.29,SW
1995-10-25 09:00:00,1.54,235.51,14.16,SW
1995-10-25 12:00:00,1.63,237.22,14.4,SW
1995-10-25 15:00:00,1.56,238.06,14.16,SW
1995-10-25 18:00:00,1.49,239.25,13.75,SW
1995-10-25 21:00:00,1.43,240.20999,13.5,SW
1995-10-26 00:00:00,1.36,242.84,13.4,SW
1995-10-26 03:00:00,1.3,243.67,13.34,SW
1995-10-26 06:00:00,1.25,243.54,13.19,SW
1995-10-26 09:00:00,1.22,242.65,13.059999,SW
1995-10-26 12:00:00,1.22,242.0,13.11,SW
1995-10-26 15:00:00,1.17,239.45999,12.95,SW
1995-10-26 18:00:00,1.11,238.92,12.65,SW
1995-10-26 21:00:00,1.0699999,238.65,12.3,SW
1995-10-27 00:00:00,1.04,237.86,12.11,SW
1995-10-27 03:00:00,1.04,236.89,12.29,SW
1995-10-27 06:00:00,1.1,235.58,12.91,SW
1995-10-27 09:00:00,1.22,234.58,13.13,SW
1995-10-27 12:00:00,1.38,233.85,13.36,SW
1995-10-27 15:00:00,1.53,233.55,13.37,SW
1995-10-27 18:00:00,1.64,233.76,13.44,SW
1995-10-27 21:00:00,1.7199999,234.34,13.87,SW
1995-10-28 00:00:00,1.79,234.58,14.299999,SW
1995-10-28 03:00:00,1.8499999,234.57,14.44,SW
1995-10-28 06:00:00,1.93,234.03,14.44,SW
1995-10-28 09:00:00,1.9699999,234.14,14.349999,SW
1995-10-28 12:00:00,2.09,234.5,14.54,SW
1995-10-28 15:00:00,2.1499999,234.31,14.66,SW
1995-10-28 18:00:00,2.1399999,234.37,14.65,SW
1995-10-28 21:00:00,2.11,234.55,14.53,SW
1995-10-29 00:00:00,2.12,234.52,14.49,SW
1995-10-29 03:00:00,2.11,234.44,14.45,SW
1995-10-29 06:00:00,2.11,234.38,14.49,SW
1995-10-29 09:00:00,2.1,234.2,14.559999,SW
1995-10-29 12:00:00,2.19,233.88,14.91,SW
1995-10-29 15:00:00,2.21,233.59,15.11,SW
1995-10-29 18:00:00,2.07,233.95999,14.86,SW
1995-10-29 21:00:00,1.91,234.38,14.5,SW
1995-10-30 00:00:00,1.8,234.64,14.29,SW
1995-10-30 03:00:00,1.7099999,234.78,14.15,SW
1995-10-30 06:00:00,1.63,234.9,14.08,SW
1995-10-30 09:00:00,1.52,235.1,13.99,SW
1995-10-30 12:00:00,1.42,236.12,13.799999,SW
1995-10-30 15:00:00,1.35,240.01,13.62,SW
1995-10-30 18:00:00,1.35,250.95,13.54,W
1995-10-30 21:00:00,1.42,271.56,13.509999,W
1995-10-31 00:00:00,1.4699999,282.1,13.42,W
1995-10-31 03:00:00,1.53,286.94,13.25,W
1995-10-31 06:00:00,1.5799999,288.7,6.95,W
1995-10-31 09:00:00,1.73,288.68,7.2799997,W
1995-10-31 12:00:00,1.7099999,283.97998,7.39,W
1995-10-31 15:00:00,1.62,276.72,7.45,W
1995-10-31 18:00:00,1.54,267.65,12.16,W
1995-10-31 21:00:00,1.43,260.82,11.91,W
1995-11-01 00:00:00,1.37,256.87,11.69,W
1995-11-01 03:00:00,1.43,252.58,12.03,W
1995-11-01 06:00:00,1.53,247.81,12.42,W
1995-11-01 09:00:00,1.63,245.26999,12.17,SW
1995-11-01 12:00:00,1.87,242.9,12.0199995,SW
1995-11-01 15:00:00,2.1399999,242.19,11.79,SW
1995-11-01 18:00:00,2.28,242.58,11.62,SW
1995-11-01 21:00:00,2.34,242.95,11.49,SW
1995-11-02 00:00:00,2.3,243.37,11.219999,SW
1995-11-02 03:00:00,2.23,242.73999,10.96,SW
1995-11-02 06:00:00,2.09,242.23999,10.76,SW
1995-11-02 09:00:00,1.91,242.39,10.75,SW
1995-11-02 12:00:00,1.75,242.62,10.92,SW
1995-11-02 15:00:00,1.63,242.55,11.07,SW
1995-11-02 18:00:00,1.52,242.20999,11.099999,SW
1995-11-02 21:00:00,1.4399999,241.67,11.09,SW
1995-11-03 00:00:00,1.38,241.54,11.11,SW
1995-11-03 03:00:00,1.3399999,241.82,11.259999,SW
1995-11-03 06:00:00,1.35,240.95,11.7699995,SW
1995-11-03 09:00:00,1.3,242.91,11.809999,SW
1995-11-03 12:00:00,1.38,252.03,12.07,W
1995-11-03 15:00:00,1.4699999,265.9,12.57,W
1995-11-03 18:00:00,1.6899999,292.5,14.099999,NW
1995-11-03 21:00:00,2.55,290.7,7.85,W
1995-11-04 00:00:00,2.47,287.57,8.429999,W
1995-11-04 03:00:00,2.3899999,282.53,9.07,W
1995-11-04 06:00:00,2.3999999,278.2,10.429999,W
1995-11-04 09:00:00,2.48,275.07,10.719999,W
1995-11-04 12:00:00,2.6399999,272.43,10.62,W
1995-11-04 15:00:00,2.86,269.32,7.3999996,W
1995-11-04 18:00:00,3.1499999,266.27,8.22,W
1995-11-04 21:00:00,3.3899999,262.77,8.86,W
1995-11-05 00:00:00,3.6499999,257.24,9.51,W
1995-11-05 03:00:00,3.97,252.01001,10.469999,W
1995-11-05 06:00:00,4.11,249.51001,12.559999,W
1995-11-05 09:00:00,4.02,248.29001,12.91,W
1995-11-05 12:00:00,3.87,246.94,12.889999,SW
1995-11-05 15:00:00,3.73,245.17,12.719999,SW
1995-11-05 18:00:00,3.52,243.20999,12.259999,SW
1995-11-05 21:00:00,3.22,242.55,11.92,SW
1995-11-06 00:00:00,2.95,242.19,11.719999,SW
1995-11-06 03:00:00,2.75,241.20999,11.63,SW
1995-11-06 06:00:00,2.55,240.13,11.55,SW
1995-11-06 09:00:00,2.3799999,239.29,11.45,SW
1995-11-06 12:00:00,2.22,238.75,11.34,SW
1995-11-06 15:00:00,2.05,238.55,11.219999,SW
1995-11-06 18:00:00,1.89,238.45,11.099999,SW
1995-11-06 21:00:00,1.76,238.27,11.04,SW
1995-11-07 00:00:00,1.64,237.98999,11.03,SW
1995-11-07 03:00:00,1.54,237.59,11.07,SW
1995-11-07 06:00:00,1.48,237.01,11.28,SW
1995-11-07 09:00:00,1.41,236.38,11.71,SW
1995-11-07 12:00:00,1.41,235.76,12.4,SW
1995-11-07 15:00:00,1.3,235.06,12.4,SW
1995-11-07 18:00:00,1.25,234.17,12.55,SW
1995-11-07 21:00:00,1.5,233.23,13.99,SW
1995-11-08 00:00:00,1.31,232.65,13.299999,SW
1995-11-08 03:00:00,1.17,232.19,12.71,SW
1995-11-08 06:00:00,1.0699999,231.75,12.55,SW
1995-11-08 09:00:00,1.02,231.62,12.719999,SW
1995-11-08 12:00:00,1.0,232.37,13.0199995,SW
1995-11-08 15:00:00,0.98999995,238.44,13.13,SW
1995-11-08 18:00:00,1.0,249.20999,13.059999,W
1995-11-08 21:00:00,1.05,270.71,12.34,W
1995-11-09 00:00:00,1.24,280.01,12.889999,W
1995-11-09 03:00:00,1.35,284.26,12.91,W
1995-11-09 06:00:00,1.4399999,286.76,6.56,W
1995-11-09 09:00:00,1.55,292.58,6.7799997,NW
1995-11-09 12:00:00,1.66,296.85,6.96,NW
1995-11-09 15:00:00,1.79,301.74,7.23,NW
1995-11-09 18:00:00,1.77,294.83,7.33,NW
1995-11-09 21:00:00,1.64,286.55,7.37,W
1995-11-10 00:00:00,1.5,280.78,7.35,W
1995-11-10 03:00:00,1.42,276.11,7.31,W
1995-11-10 06:00:00,1.3299999,271.6,7.1499996,W
1995-11-10 09:00:00,1.29,266.72,14.95,W
1995-11-10 12:00:00,1.11,262.05,13.83,W
1995-11-10 15:00:00,1.16,257.27,14.309999,W
1995-11-10 18:00:00,1.1999999,256.38,14.349999,W
1995-11-10 21:00:00,1.25,258.7,14.24,W
1995-11-11 00:00:00,1.25,263.41998,13.79,W
1995-11-11 03:00:00,1.3,274.62,13.219999,W
1995-11-11 06:00:00,1.43,285.95,12.849999,W
1995-11-11 09:00:00,1.51,284.97998,5.7999997,W
1995-11-11 12:00:00,1.61,277.06,6.43,W
1995-11-11 15:00:00,1.51,271.39,6.56,W
1995-11-11 18:00:00,1.65,261.54,6.24,W
1995-11-11 21:00:00,1.93,249.57,6.3799996,W
1995-11-12 00:00:00,2.11,240.95,7.22,SW
1995-11-12 03:00:00,2.28,235.48999,8.04,SW
1995-11-12 06:00:00,2.35,234.77,8.73,SW
1995-11-12 09:00:00,2.48,236.43,9.4,SW
1995-11-12 12:00:00,2.73,237.05,12.059999,SW
1995-11-12 15:00:00,2.8899999,237.55,12.679999,SW
1995-11-12 18:00:00,2.9299998,238.53,12.82,SW
1995-11-12 21:00:00,2.8999999,239.34,12.98,SW
1995-11-13 00:00:00,2.81,239.89,13.11,SW
1995-11-13 03:00:00,2.9299998,240.3,13.61,SW
1995-11-13 06:00:00,2.79,240.38,13.639999,SW
1995-11-13 09:00:00,2.54,240.34,13.309999,SW
1995-11-13 12:00:00,2.4099998,240.31,13.15,SW
1995-11-13 15:00:00,2.21,239.85,12.78,SW
1995-11-13 18:00:00,2.25,238.91,12.849999,SW
1995-11-13 21:00:00,2.1299999,236.47,12.04,SW
1995-11-14 00:00:00,2.05,235.53,11.48,SW
1995-11-14 03:00:00,2.09,234.27,10.88,SW
1995-11-14 06:00:00,2.02,234.6,10.51,SW
1995-11-14 09:00:00,1.92,235.1,9.57,SW
1995-11-14 12:00:00,1.9699999,235.51,9.66,SW
1995-11-14 15:00:00,1.8499999,235.53,9.63,SW
1995-11-14 18:00:00,1.6999999,235.12,9.51,SW
1995-11-14 21:00:00,1.5999999,234.08,9.61,SW
1995-11-15 00:00:00,1.5699999,233.03,9.98,SW
1995-11-15 03:00:00,1.5899999,231.87,14.299999,SW
1995-11-15 06:00:00,1.62,231.11,14.389999,SW
1995-11-15 09:00:00,1.62,230.61,14.34,SW
1995-11-15 12:00:00,1.61,229.94,14.19,SW
1995-11-15 15:00:00,1.56,229.7,13.86,SW
1995-11-15 18:00:00,1.4699999,230.48999,13.389999,SW
1995-11-15 21:00:00,1.38,231.25,13.09,SW
1995-11-16 00:00:00,1.29,231.83,12.83,SW
1995-11-16 03:00:00,1.1999999,232.31,12.469999,SW
1995-11-16 06:00:00,1.14,233.44,12.19,SW
1995-11-16 09:00:00,1.0699999,233.65,12.009999,SW
1995-11-16 12:00:00,0.96999997,233.85,11.67,SW
1995-11-16 15:00:00,0.90999997,233.95999,11.429999,SW
1995-11-16 18:00:00,0.87,234.19,11.5,SW
1995-11-16 21:00:00,0.84999996,234.69,12.139999,SW
1995-11-17 00:00:00,0.83,235.53,14.09,SW
1995-11-17 03:00:00,0.83,236.45,13.53,SW
1995-11-17 06:00:00,0.94,235.42,13.139999,SW
1995-11-17 09:00:00,0.98999995,238.08,12.9,SW
1995-11-17 12:00:00,1.06,241.78,13.09,SW
1995-11-17 15:00:00,1.13,244.79999,14.11,SW
1995-11-17 18:00:00,1.16,247.11,14.139999,SW
1995-11-17 21:00:00,1.18,248.69,13.62,W
1995-11-18 00:00:00,1.23,248.89,13.139999,W
1995-11-18 03:00:00,1.31,247.4,14.61,SW
1995-11-18 06:00:00,1.4499999,244.15,15.12,SW
1995-11-18 09:00:00,1.62,240.28,15.049999,SW
1995-11-18 12:00:00,1.8,237.5,15.0,SW
1995-11-18 15:00:00,1.8399999,236.3,14.639999,SW
1995-11-18 18:00:00,1.79,236.16,14.349999,SW
1995-11-18 21:00:00,1.7099999,237.56,13.94,SW
1995-11-19 00:00:00,1.64,241.09,13.33,SW
1995-11-19 03:00:00,1.5799999,245.95,13.009999,SW
1995-11-19 06:00:00,1.55,252.29999,12.57,W
1995-11-19 09:00:00,1.65,262.36,12.21,W
1995-11-19 12:00:00,1.65,264.55,12.009999,W
1995-11-19 15:00:00,1.65,268.95,11.809999,W
1995-11-19 18:00:00,1.75,280.08,5.68,W
1995-11-19 21:00:00,1.92,288.47998,6.0299997,W
1995-11-20 00:00:00,2.07,279.53,6.8399997,W
1995-11-20 03:00:00,2.2,265.34,7.5099998,W
1995-11-20 06:00:00,2.36,252.85,7.7599998,W
1995-11-20 09:00:00,2.48,246.76999,8.3,SW
1995-11-20 12:00:00,2.6699998,242.37,9.13,SW
1995-11-20 15:00:00,2.82,238.94,9.98,SW
1995-11-20 18:00:00,2.98,237.35,11.07,SW
1995-11-20 21:00:00,3.03,236.69,11.599999,SW
1995-11-21 00:00:00,3.01,235.86,11.599999,SW
1995-11-21 03:00:00,2.96,234.6,11.41,SW
1995-11-21 06:00:00,2.8799999,232.98,11.23,SW
1995-11-21 09:00:00,2.73,232.42,11.11,SW
1995-11-21 12:00:00,2.56,232.47,11.11,SW
1995-11-21 15:00:00,2.36,232.23999,11.23,SW
1995-11-21 18:00:00,2.1699998,231.44,11.309999,SW
1995-11-21 21:00:00,2.01,231.57,11.44,SW
1995-11-22 00:00:00,1.86,231.91,11.59,SW
1995-11-22 03:00:00,1.75,232.09,11.73,SW
1995-11-22 06:00:00,1.64,232.14,11.74,SW
1995-11-22 09:00:00,1.54,232.14,11.679999,SW
1995-11-22 12:00:00,1.4499999,232.1,11.63,SW
1995-11-22 15:00:00,1.38,232.58,11.62,SW
1995-11-22 18:00:00,1.3,232.8,11.59,SW
1995-11-22 21:00:00,1.23,232.81,11.48,SW
1995-11-23 00:00:00,1.16,232.93,11.25,SW
1995-11-23 03:00:00,1.2099999,233.73999,11.57,SW
1995-11-23 06:00:00,1.18,234.44,11.099999,SW
1995-11-23 09:00:00,1.13,233.62,10.62,SW
1995-11-23 12:00:00,1.0799999,203.32,10.2,SW
1995-11-23 15:00:00,1.0,151.14,13.5,SE
1995-11-23 18:00:00,1.1899999,87.3,4.2,E
1995-11-23 21:00:00,1.16,72.19,4.45,E
1995-11-24 00:00:00,1.4599999,65.770004,4.8199997,NE
1995-11-24 03:00:00,1.81,64.670006,5.41,NE
1995-11-24 06:00:00,1.86,62.910004,5.7599998,NE
1995-11-24 09:00:00,1.75,63.64,5.69,NE
1995-11-24 12:00:00,1.37,66.71,5.39,NE
1995-11-24 15:00:00,0.98999995,36.309998,22.67,NE
1995-11-24 18:00:00,1.03,325.22998,21.59,NW
1995-11-24 21:00:00,1.28,324.08002,21.0,NW
1995-11-25 00:00:00,1.67,315.16,5.79,NW
1995-11-25 03:00:00,2.1,309.24,7.27,NW
1995-11-25 06:00:00,2.3799999,303.27,8.07,NW
1995-11-25 09:00:00,2.49,296.53,8.34,NW
1995-11-25 12:00:00,2.49,290.94,8.57,W
1995-11-25 15:00:00,2.4299998,286.55,8.74,W
1995-11-25 18:00:00,2.35,281.76,8.889999,W
1995-11-25 21:00:00,2.36,278.59,9.01,W
1995-11-26 00:00:00,2.3999999,276.72,9.11,W
1995-11-26 03:00:00,2.55,279.8,9.059999,W
1995-11-26 06:00:00,2.52,275.75,8.82,W
1995-11-26 09:00:00,2.35,270.64,8.74,W
1995-11-26 12:00:00,2.36,269.47,8.679999,W
1995-11-26 15:00:00,2.35,268.36,8.29,W
1995-11-26 18:00:00,2.49,263.03,7.8199997,W
1995-11-26 21:00:00,3.1999998,257.58002,8.26,W
1995-11-27 00:00:00,3.59,253.48,8.8,W
1995-11-27 03:00:00,3.73,251.87,9.28,W
1995-11-27 06:00:00,3.77,250.94,9.8,W
1995-11-27 09:00:00,3.6399999,250.4,10.059999,W
1995-11-27 12:00:00,3.4199998,250.31,10.349999,W
1995-11-27 15:00:00,3.1999998,250.20999,10.65,W
1995-11-27 18:00:00,2.98,250.42,10.79,W
1995-11-27 21:00:00,2.97,250.94,11.16,W
1995-11-28 00:00:00,2.79,250.84,11.25,W
1995-11-28 03:00:00,2.52,250.45,11.09,W
1995-11-28 06:00:00,2.23,249.95999,10.86,W
1995-11-28 09:00:00,1.9699999,249.15,10.62,W
1995-11-28 12:00:00,1.75,248.06,10.45,W
1995-11-28 15:00:00,1.5699999,246.64,10.469999,SW
1995-11-28 18:00:00,1.42,245.28,10.559999,SW
1995-11-28 21:00:00,1.3,244.59,10.61,SW
1995-11-29 00:00:00,1.22,245.48,10.55,SW
1995-11-29 03:00:00,1.17,248.37,10.219999,W
1995-11-29 06:00:00,1.16,251.63,9.83,W
1995-11-29 09:00:00,1.13,255.95999,9.559999,W
1995-11-29 12:00:00,1.18,259.74,9.46,W
1995-11-29 15:00:00,1.12,260.64,9.099999,W
1995-11-29 18:00:00,1.09,262.6,9.01,W
1995-11-29 21:00:00,1.0699999,263.84,8.92,W
1995-11-30 00:00:00,0.98999995,263.43,8.58,W
1995-11-30 03:00:00,0.94,262.16,8.349999,W
1995-11-30 06:00:00,0.90999997,259.7,14.95,W
1995-11-30 09:00:00,0.91999996,257.22,14.849999,W
1995-11-30 12:00:00,1.28,255.44,17.38,W
1995-11-30 15:00:00,1.26,254.1,16.81,W
1995-11-30 18:00:00,1.14,252.98,15.11,W
1995-11-30 21:00:00,1.11,250.42,14.549999,W
1995-12-01 00:00:00,1.1,248.1,14.08,W
1995-12-01 03:00:00,1.17,246.29001,13.759999,SW
1995-12-01 06:00:00,1.29,244.12,13.9,SW
1995-12-01 09:00:00,1.39,243.08,13.96,SW
1995-12-01 12:00:00,1.42,242.6,13.759999,SW
1995-12-01 15:00:00,1.4699999,241.6,13.599999,SW
1995-12-01 18:00:00,1.52,240.88,13.639999,SW
1995-12-01 21:00:00,1.55,241.07,14.65,SW
1995-12-02 00:00:00,1.62,241.16,15.009999,SW
1995-12-02 03:00:00,1.73,240.7,15.2699995,SW
1995-12-02 06:00:00,1.78,239.66,15.33,SW
1995-12-02 09:00:00,1.7199999,239.64,15.03,SW
1995-12-02 12:00:00,1.8199999,240.18,15.679999,SW
1995-12-02 15:00:00,1.8399999,240.29,15.929999,SW
1995-12-02 18:00:00,1.65,240.77,15.089999,SW
1995-12-02 21:00:00,1.5,241.39,14.44,SW
1995-12-03 00:00:00,1.48,241.66,14.299999,SW
1995-12-03 03:00:00,1.49,241.6,14.33,SW
1995-12-03 06:00:00,1.51,241.48,14.559999,SW
1995-12-03 09:00:00,1.4699999,241.34,14.429999,SW
1995-12-03 12:00:00,1.4499999,241.25,14.2699995,SW
1995-12-03 15:00:00,1.37,240.83,14.0199995,SW
1995-12-03 18:00:00,1.29,241.11,13.49,SW
1995-12-03 21:00:00,1.1899999,241.82,12.969999,SW
1995-12-04 00:00:00,1.11,242.0,12.49,SW
1995-12-04 03:00:00,1.0699999,241.55,12.24,SW
1995-12-04 06:00:00,1.0699999,240.89,12.17,SW
1995-12-04 09:00:00,1.09,240.57,12.309999,SW
1995-12-04 12:00:00,1.06,240.33,12.11,SW
1995-12-04 15:00:00,1.02,240.0,11.8,SW
1995-12-04 18:00:00,1.01,239.44,11.59,SW
1995-12-04 21:00:00,1.0,238.95,11.45,SW
1995-12-05 00:00:00,0.98999995,238.73,11.3,SW
1995-12-05 03:00:00,0.96999997,238.72,11.139999,SW
1995-12-05 06:00:00,0.96999997,238.78,11.0,SW
1995-12-05 09:00:00,0.96,238.58,10.9,SW
1995-12-05 12:00:00,0.98999995,238.77,17.64,SW
1995-12-05 15:00:00,1.03,238.53,17.51,SW
1995-12-05 18:00:00,1.0699999,237.72,17.02,SW
1995-12-05 21:00:00,1.1,237.42,16.18,SW
1995-12-06 00:00:00,1.17,237.6,15.83,SW
1995-12-06 03:00:00,1.26,237.92,15.589999,SW
1995-12-06 06:00:00,1.35,238.34,15.429999,SW
1995-12-06 09:00:00,1.4,238.61,15.24,SW
1995-12-06 12:00:00,1.43,238.68,15.03,SW
1995-12-06 15:00:00,1.4,238.59,14.58,SW
1995-12-06 18:00:00,1.3399999,238.35,14.23,SW
1995-12-06 21:00:00,1.28,238.2,13.94,SW
1995-12-07 00:00:00,1.1899999,238.18,13.49,SW
1995-12-07 03:00:00,1.13,238.34,13.219999,SW
1995-12-07 06:00:00,1.0799999,238.4,12.969999,SW
1995-12-07 09:00:00,1.01,238.27,12.65,SW
1995-12-07 12:00:00,0.91999996,238.28,12.19,SW
1995-12-07 15:00:00,0.83,238.42,11.7699995,SW
1995-12-07 18:00:00,0.81,241.36,11.309999,SW
1995-12-07 21:00:00,0.78999996,244.84,11.05,SW
1995-12-08 00:00:00,0.84999996,253.79001,11.08,W
1995-12-08 03:00:00,1.06,262.94,12.91,W
1995-12-08 06:00:00,1.3,259.68,13.389999,W
1995-12-08 09:00:00,1.51,257.03,13.13,W
1995-12-08 12:00:00,1.79,257.07,12.849999,W
1995-12-08 15:00:00,2.06,256.24,12.54,W
1995-12-08 18:00:00,2.27,254.56,12.36,W
1995-12-08 21:00:00,2.3799999,253.63,12.24,W
1995-12-09 00:00:00,2.4099998,252.91,12.05,W
1995-12-09 03:00:00,2.3799999,251.07,11.82,W
1995-12-09 06:00:00,2.3,249.76001,11.5,W
1995-12-09 09:00:00,2.2,248.68,11.16,W
1995-12-09 12:00:00,2.08,247.58,10.96,W
1995-12-09 15:00:00,1.9499999,246.39,10.8,SW
1995-12-09 18:00:00,1.8499999,244.45,10.61,SW
1995-12-09 21:00:00,1.73,242.57,10.28,SW
1995-12-10 00:00:00,1.75,241.67,10.63,SW
1995-12-10 03:00:00,1.73,241.31,10.83,SW
1995-12-10 06:00:00,1.7099999,242.23999,15.15,SW
1995-12-10 09:00:00,1.65,243.76,14.799999,SW
1995-12-10 12:00:00,1.52,243.72,14.45,SW
1995-12-10 15:00:00,1.41,242.88,14.17,SW
1995-12-10 18:00:00,1.38,242.34,13.75,SW
1995-12-10 21:00:00,1.29,245.88,13.25,SW
1995-12-11 00:00:00,1.13,246.4,13.009999,SW
1995-12-11 03:00:00,1.03,249.81,12.78,W
1995-12-11 06:00:00,1.0799999,281.41998,12.5199995,W
1995-12-11 09:00:00,1.01,304.5,12.349999,NW
1995-12-11 12:00:00,0.93,315.53,12.21,NW
1995-12-11 15:00:00,0.87,327.09998,12.25,NW
1995-12-11 18:00:00,0.85999995,346.2,13.389999,N
1995-12-11 21:00:00,0.96,7.01001,3.86,N
1995-12-12 00:00:00,0.96999997,353.84998,4.23,N
1995-12-12 03:00:00,1.03,351.41,4.25,N
1995-12-12 06:00:00,1.17,354.21,4.48,N
1995-12-12 09:00:00,1.24,350.16998,4.65,N
1995-12-12 12:00:00,1.16,327.11,14.849999,NW
1995-12-12 15:00:00,1.2099999,301.19,14.5,NW
1995-12-12 18:00:00,1.26,292.16998,14.03,W
1995-12-12 21:00:00,1.2099999,305.2,12.66,NW
1995-12-13 00:00:00,1.4499999,304.19,13.45,NW
1995-12-13 03:00:00,1.5699999,305.28,13.88,NW
1995-12-13 06:00:00,1.6899999,311.0,14.24,NW
1995-12-13 09:00:00,1.78,314.09998,14.34,NW
1995-12-13 12:00:00,1.67,309.74,13.21,NW
1995-12-13 15:00:00,1.86,306.87,13.309999,NW
1995-12-13 18:00:00,1.99,301.74,8.63,NW
1995-12-13 21:00:00,2.04,298.26,8.75,NW
1995-12-14 00:00:00,2.05,295.69,8.559999,NW
1995-12-14 03:00:00,2.02,289.41998,8.47,W
1995-12-14 06:00:00,1.9699999,283.85,8.36,W
1995-12-14 09:00:00,1.91,278.74,13.049999,W
1995-12-14 12:00:00,1.8,271.62,12.91,W
1995-12-14 15:00:00,1.6999999,264.0,12.849999,W
1995-12-14 18:00:00,1.63,257.03,12.759999,W
1995-12-14 21:00:00,1.5799999,251.36,12.57,W
1995-12-15 00:00:00,1.55,246.79999,12.259999,SW
1995-12-15 03:00:00,1.61,241.95999,12.009999,SW
1995-12-15 06:00:00,1.73,238.34,11.929999,SW
1995-12-15 09:00:00,1.86,236.5,17.8,SW
1995-12-15 12:00:00,1.9,235.39,16.289999,SW
1995-12-15 15:00:00,2.2,234.9,16.619999,SW
1995-12-15 18:00:00,2.4299998,234.89,16.19,SW
1995-12-15 21:00:00,2.62,235.01,16.52,SW
1995-12-16 00:00:00,2.82,235.13,16.97,SW
1995-12-16 03:00:00,2.8899999,235.38,17.109999,SW
1995-12-16 06:00:00,2.76,235.66,16.39,SW
1995-12-16 09:00:00,2.57,235.88,15.79,SW
1995-12-16 12:00:00,2.59,236.04,15.799999,SW
1995-12-16 15:00:00,2.35,236.14,15.0199995,SW
1995-12-16 18:00:00,2.21,236.29,14.719999,SW
1995-12-16 21:00:00,2.1499999,237.95,14.61,SW
1995-12-17 00:00:00,2.3,244.70999,14.91,SW
1995-12-17 03:00:00,2.4299998,261.29,14.74,W
1995-12-17 06:00:00,2.33,259.37,14.62,W
1995-12-17 09:00:00,2.1,252.11,14.509999,W
1995-12-17 12:00:00,1.9399999,247.73999,14.37,W
1995-12-17 15:00:00,1.9699999,248.81,14.25,W
1995-12-17 18:00:00,2.09,248.48,14.07,W
1995-12-17 21:00:00,2.31,241.28,13.84,SW
1995-12-18 00:00:00,2.45,237.75,13.87,SW
1995-12-18 03:00:00,2.47,236.36,13.99,SW
1995-12-18 06:00:00,2.4299998,235.53,13.86,SW
1995-12-18 09:00:00,2.34,235.25,13.559999,SW
1995-12-18 12:00:00,2.47,235.72,14.049999,SW
1995-12-18 15:00:00,2.32,236.57,13.88,SW
1995-12-18 18:00:00,2.11,236.36,13.28,SW
1995-12-18 21:00:00,1.9799999,235.98999,13.009999,SW
1995-12-19 00:00:00,1.91,236.83,12.889999,SW
1995-12-19 03:00:00,1.81,238.28,12.83,SW
1995-12-19 06:00:00,1.74,239.32,12.86,SW
1995-12-19 09:00:00,1.66,240.94,12.82,SW
1995-12-19 12:00:00,1.65,239.6,12.99,SW
1995-12-19 15:00:00,1.5,233.14,12.7699995,SW
1995-12-19 18:00:00,1.35,224.87,12.469999,SW
1995-12-19 21:00:00,1.35,153.72,12.44,SE
1995-12-20 00:00:00,1.22,146.94,12.44,SE
1995-12-20 03:00:00,1.15,95.67,12.33,E
1995-12-20 06:00:00,1.1899999,70.68,12.15,E
1995-12-20 09:00:00,1.13,65.23,4.56,NE
1995-12-20 12:00:00,0.98999995,62.57,4.39,NE
1995-12-20 15:00:00,1.01,56.920006,4.2999997,NE
1995-12-20 18:00:00,1.0799999,54.760002,4.5,NE
1995-12-20 21:00:00,1.25,48.17,4.63,NE
1995-12-21 00:00:00,1.38,39.809998,4.99,NE
1995-12-21 03:00:00,1.53,33.92,5.1099997,NE
1995-12-21 06:00:00,1.5799999,28.710007,5.24,NE
1995-12-21 09:00:00,1.63,25.15001,5.17,NE
1995-12-21 12:00:00,1.55,16.300003,10.639999,N
1995-12-21 15:00:00,1.5799999,9.26001,10.45,N
1995-12-21 18:00:00,1.5899999,6.5200043,10.15,N
1995-12-21 21:00:00,1.66,7.880005,9.929999,N
1995-12-22 00:00:00,1.62,3.550003,9.719999,N
1995-12-22 03:00:00,1.66,6.199997,9.61,N
1995-12-22 06:00:00,1.67,8.639999,5.1,N
1995-12-22 09:00:00,1.6899999,12.230011,5.14,N
1995-12-22 12:00:00,1.39,5.51001,8.44,N
1995-12-22 15:00:00,1.3,344.94,8.54,N
1995-12-22 18:00:00,1.26,320.09998,12.65,NW
1995-12-22 21:00:00,1.55,328.83002,12.66,NW
1995-12-23 00:00:00,1.55,305.85,11.98,NW
1995-12-23 03:00:00,1.5799999,288.33,11.679999,W
1995-12-23 06:00:00,1.62,276.91998,11.469999,W
1995-12-23 09:00:00,1.5699999,270.41,11.01,W
1995-12-23 12:00:00,1.63,266.6,11.29,W
1995-12-23 15:00:00,1.64,264.21,11.389999,W
1995-12-23 18:00:00,1.7099999,262.66998,11.25,W
1995-12-23 21:00:00,1.8299999,261.9,11.05,W
1995-12-24 00:00:00,1.8399999,261.47,10.8,W
1995-12-24 03:00:00,1.86,260.57,10.55,W
1995-12-24 06:00:00,1.89,259.8,10.42,W
1995-12-24 09:00:00,1.86,257.47998,10.5199995,W
1995-12-24 12:00:00,1.79,254.64,10.719999,W
1995-12-24 15:00:00,1.73,252.29999,11.12,W
1995-12-24 18:00:00,1.67,250.48,12.9,W
1995-12-24 21:00:00,1.63,249.26001,12.87,W
1995-12-25 00:00:00,1.5999999,248.45,12.78,W
1995-12-25 03:00:00,1.5799999,248.26001,12.639999,W
1995-12-25 06:00:00,1.55,247.97,12.42,W
1995-12-25 09:00:00,1.52,247.5,12.3,W
1995-12-25 12:00:00,1.52,247.45999,12.38,SW
1995-12-25 15:00:00,1.5,247.98,12.2,W
1995-12-25 18:00:00,1.5,248.18,11.969999,W
1995-12-25 21:00:00,1.5699999,248.06,11.91,W
1995-12-26 00:00:00,1.61,247.41,11.79,SW
1995-12-26 03:00:00,1.74,246.82,11.719999,SW
1995-12-26 06:00:00,1.9499999,245.07,11.59,SW
1995-12-26 09:00:00,2.11,244.73,11.3,SW
1995-12-26 12:00:00,2.28,244.62,11.01,SW
1995-12-26 15:00:00,2.34,244.29001,10.719999,SW
1995-12-26 18:00:00,2.3,244.09,10.349999,SW
1995-12-26 21:00:00,2.25,244.38,10.07,SW
1995-12-27 00:00:00,2.1299999,244.51001,9.8,SW
1995-12-27 03:00:00,2.02,245.04001,9.36,SW
1995-12-27 06:00:00,1.92,245.70999,9.03,SW
1995-12-27 09:00:00,1.8,247.03,8.69,SW
1995-12-27 12:00:00,1.6899999,248.78,8.55,W
1995-12-27 15:00:00,1.5799999,250.48999,8.5199995,W
1995-12-27 18:00:00,1.48,252.76999,8.38,W
1995-12-27 21:00:00,1.4599999,257.21,8.23,W
1995-12-28 00:00:00,1.49,261.04,8.11,W
1995-12-28 03:00:00,1.54,261.64,7.97,W
1995-12-28 06:00:00,1.61,262.06,8.17,W
1995-12-28 09:00:00,1.7199999,262.38,8.96,W
1995-12-28 12:00:00,1.9,266.24,10.099999,W
1995-12-28 15:00:00,2.07,266.31,11.719999,W
1995-12-28 18:00:00,2.2,264.46,12.05,W
1995-12-28 21:00:00,2.58,261.11,12.67,W
1995-12-29 00:00:00,2.52,258.94,11.87,W
1995-12-29 03:00:00,2.45,257.16,11.53,W
1995-12-29 06:00:00,2.4199998,254.6,11.58,W
1995-12-29 09:00:00,2.4299998,251.56,12.7699995,W
1995-12-29 12:00:00,2.47,249.26001,13.049999,W
1995-12-29 15:00:00,2.46,247.57,12.9,W
1995-12-29 18:00:00,2.48,245.92,12.849999,SW
1995-12-29 21:00:00,2.34,245.15,12.57,SW
1995-12-30 00:00:00,2.1399999,245.20999,12.21,SW
1995-12-30 03:00:00,2.01,244.93,12.139999,SW
1995-12-30 06:00:00,1.9399999,244.18,12.139999,SW
1995-12-30 09:00:00,1.9399999,242.70999,12.099999,SW
1995-12-30 12:00:00,1.99,240.70999,11.969999,SW
1995-12-30 15:00:00,2.06,238.98,11.98,SW
1995-12-30 18:00:00,2.1299999,237.3,12.29,SW
1995-12-30 21:00:00,2.1599998,235.85,12.719999,SW
1995-12-31 00:00:00,2.18,234.87,12.849999,SW
1995-12-31 03:00:00,2.24,234.18,12.87,SW
1995-12-31 06:00:00,2.23,234.23,12.83,SW
1995-12-31 09:00:00,2.18,234.20999,12.78,SW
1995-12-31 12:00:00,2.18,234.16,12.99,SW
1995-12-31 15:00:00,2.12,234.09,13.37,SW
1995-12-31 18:00:00,2.1,233.89,13.66,SW
1995-12-31 21:00:00,2.28,233.69,14.42,SW
