Datetime,VHM0,VMDR,VTPK,CardinalDirection
2003-01-01 00:00:00,1.6899999,105.5,10.0199995,E
2003-01-01 03:00:00,1.78,109.450005,10.309999,E
2003-01-01 06:00:00,1.8299999,108.0,10.53,E
2003-01-01 09:00:00,1.86,108.07,10.599999,E
2003-01-01 12:00:00,1.86,107.91,10.57,E
2003-01-01 15:00:00,1.7199999,107.76,10.11,E
2003-01-01 18:00:00,1.76,108.71,10.309999,E
2003-01-01 21:00:00,1.63,109.130005,9.969999,E
2003-01-02 00:00:00,1.49,108.630005,9.69,E
2003-01-02 03:00:00,1.4,107.49,9.53,E
2003-01-02 06:00:00,1.35,107.0,9.36,E
2003-01-02 09:00:00,1.3399999,107.380005,9.21,E
2003-01-02 12:00:00,1.3299999,106.78,9.17,E
2003-01-02 15:00:00,1.36,107.1,9.389999,E
2003-01-02 18:00:00,1.42,109.03,9.719999,E
2003-01-02 21:00:00,1.49,112.07,9.929999,E
2003-01-03 00:00:00,1.56,114.66,10.15,SE
2003-01-03 03:00:00,1.66,118.4,10.429999,SE
2003-01-03 06:00:00,1.8499999,122.64,8.99,SE
2003-01-03 09:00:00,1.9399999,122.39,9.61,SE
2003-01-03 12:00:00,2.55,119.28,13.41,SE
2003-01-03 15:00:00,2.09,115.17,12.429999,SE
2003-01-03 18:00:00,1.9,115.33,11.599999,SE
2003-01-03 21:00:00,1.78,115.58,11.13,SE
2003-01-04 00:00:00,1.79,118.82,10.99,SE
2003-01-04 03:00:00,1.89,124.9,10.95,SE
2003-01-04 06:00:00,2.04,130.38,6.2799997,SE
2003-01-04 09:00:00,2.05,131.61,6.44,SE
2003-01-04 12:00:00,2.0,130.39,6.5299997,SE
2003-01-04 15:00:00,2.09,129.23,7.21,SE
2003-01-04 18:00:00,2.12,128.3,7.44,SE
2003-01-04 21:00:00,2.11,128.53,7.41,SE
2003-01-05 00:00:00,2.0,126.100006,7.39,SE
2003-01-05 03:00:00,1.93,124.100006,7.33,SE
2003-01-05 06:00:00,1.9699999,124.72,6.62,SE
2003-01-05 09:00:00,2.03,124.62,6.75,SE
2003-01-05 12:00:00,1.99,122.01,7.2799997,SE
2003-01-05 15:00:00,1.9499999,119.03,7.5,SE
2003-01-05 18:00:00,1.88,117.36,7.62,SE
2003-01-05 21:00:00,1.81,117.07,7.69,SE
2003-01-06 00:00:00,1.8299999,117.81,7.8399997,SE
2003-01-06 03:00:00,1.8199999,119.490005,7.7999997,SE
2003-01-06 06:00:00,1.78,119.22,7.6499996,SE
2003-01-06 09:00:00,1.75,117.31,7.58,SE
2003-01-06 12:00:00,1.75,114.36,7.6699996,SE
2003-01-06 15:00:00,1.67,112.01,7.8199997,E
2003-01-06 18:00:00,1.63,110.93,7.96,E
2003-01-06 21:00:00,1.5999999,110.15,8.059999,E
2003-01-07 00:00:00,1.5899999,108.87,8.17,E
2003-01-07 03:00:00,1.54,107.3,8.22,E
2003-01-07 06:00:00,1.4699999,106.0,8.28,E
2003-01-07 09:00:00,1.43,104.78,8.389999,E
2003-01-07 12:00:00,1.39,103.950005,8.5199995,E
2003-01-07 15:00:00,1.3199999,103.35,8.51,E
2003-01-07 18:00:00,1.29,102.9,8.49,E
2003-01-07 21:00:00,1.24,102.340004,8.48,E
2003-01-08 00:00:00,1.2099999,101.57,8.49,E
2003-01-08 03:00:00,1.2099999,98.0,8.58,E
2003-01-08 06:00:00,1.26,88.83,8.7699995,E
2003-01-08 09:00:00,1.28,82.4,8.96,E
2003-01-08 12:00:00,1.27,77.82,9.059999,E
2003-01-08 15:00:00,1.24,69.54,9.0199995,E
2003-01-08 18:00:00,1.2099999,59.090004,9.01,NE
2003-01-08 21:00:00,1.16,69.29,9.19,E
2003-01-09 00:00:00,1.66,122.39,8.22,SE
2003-01-09 03:00:00,1.92,142.17,6.17,SE
2003-01-09 06:00:00,2.22,145.4,6.7799997,SE
2003-01-09 09:00:00,2.34,145.85,8.429999,SE
2003-01-09 12:00:00,2.3999999,147.48,9.719999,SE
2003-01-09 15:00:00,2.4199998,149.16,10.17,SE
2003-01-09 18:00:00,2.29,150.17,10.349999,SE
2003-01-09 21:00:00,2.1499999,151.66,10.29,SE
2003-01-10 00:00:00,2.1499999,153.93,10.12,SE
2003-01-10 03:00:00,2.47,155.72,10.11,SE
2003-01-10 06:00:00,2.8899999,157.0,10.559999,SE
2003-01-10 09:00:00,2.96,156.25,10.83,SE
2003-01-10 12:00:00,2.96,155.05,10.96,SE
2003-01-10 15:00:00,2.78,154.47,10.78,SE
2003-01-10 18:00:00,2.6399999,155.08,10.559999,SE
2003-01-10 21:00:00,2.47,154.6,10.11,SE
2003-01-11 00:00:00,2.3,152.0,9.96,SE
2003-01-11 03:00:00,2.19,149.9,9.78,SE
2003-01-11 06:00:00,2.29,149.7,9.53,SE
2003-01-11 09:00:00,2.3,147.86,8.87,SE
2003-01-11 12:00:00,2.25,147.05,8.75,SE
2003-01-11 15:00:00,2.24,147.09,8.639999,SE
2003-01-11 18:00:00,2.19,147.43,8.599999,SE
2003-01-11 21:00:00,2.18,149.33,8.54,SE
2003-01-12 00:00:00,2.21,148.96,8.69,SE
2003-01-12 03:00:00,2.29,148.34,8.67,SE
2003-01-12 06:00:00,2.4199998,148.88,8.55,SE
2003-01-12 09:00:00,2.3899999,148.99,8.559999,SE
2003-01-12 12:00:00,2.34,148.1,8.7,SE
2003-01-12 15:00:00,2.26,146.85,8.65,SE
2003-01-12 18:00:00,2.19,145.89,8.59,SE
2003-01-12 21:00:00,2.11,145.24,8.66,SE
2003-01-13 00:00:00,2.03,144.63,8.679999,SE
2003-01-13 03:00:00,2.02,144.29001,8.71,SE
2003-01-13 06:00:00,2.11,144.63,8.58,SE
2003-01-13 09:00:00,2.19,145.75,8.48,SE
2003-01-13 12:00:00,2.1399999,144.81,8.58,SE
2003-01-13 15:00:00,2.06,142.59,8.679999,SE
2003-01-13 18:00:00,2.0,141.61,8.76,SE
2003-01-13 21:00:00,1.9799999,141.53,8.91,SE
2003-01-14 00:00:00,1.9499999,139.58,9.12,SE
2003-01-14 03:00:00,2.1699998,136.41,9.679999,SE
2003-01-14 06:00:00,2.09,135.62,9.2,SE
2003-01-14 09:00:00,2.1399999,136.79001,8.69,SE
2003-01-14 12:00:00,2.06,136.08,8.48,SE
2003-01-14 15:00:00,1.92,133.8,8.55,SE
2003-01-14 18:00:00,1.8399999,132.62,8.74,SE
2003-01-14 21:00:00,1.8,131.57,9.01,SE
2003-01-15 00:00:00,1.79,130.17,9.22,SE
2003-01-15 03:00:00,1.78,128.86,9.32,SE
2003-01-15 06:00:00,1.81,128.46,9.32,SE
2003-01-15 09:00:00,1.8199999,127.8,9.21,SE
2003-01-15 12:00:00,1.76,125.25,9.07,SE
2003-01-15 15:00:00,1.74,122.14,9.08,SE
2003-01-15 18:00:00,1.68,120.09,9.03,SE
2003-01-15 21:00:00,1.68,118.55,9.09,SE
2003-01-16 00:00:00,1.6999999,118.2,9.21,SE
2003-01-16 03:00:00,1.62,116.7,9.059999,SE
2003-01-16 06:00:00,1.5799999,115.020004,9.059999,SE
2003-01-16 09:00:00,1.56,113.53,9.13,SE
2003-01-16 12:00:00,1.51,112.200005,9.11,E
2003-01-16 15:00:00,1.5,111.28,9.21,E
2003-01-16 18:00:00,1.48,110.68,9.36,E
2003-01-16 21:00:00,1.4499999,110.15,9.46,E
2003-01-17 00:00:00,1.41,109.5,9.45,E
2003-01-17 03:00:00,1.38,108.79,9.48,E
2003-01-17 06:00:00,1.37,108.15,9.53,E
2003-01-17 09:00:00,1.36,106.68,9.59,E
2003-01-17 12:00:00,1.36,104.89,9.719999,E
2003-01-17 15:00:00,1.35,103.450005,9.83,E
2003-01-17 18:00:00,1.3199999,102.12,9.87,E
2003-01-17 21:00:00,1.29,100.810005,9.84,E
2003-01-18 00:00:00,1.26,99.12,9.75,E
2003-01-18 03:00:00,1.24,96.3,9.639999,E
2003-01-18 06:00:00,1.27,89.86,9.5,E
2003-01-18 09:00:00,1.28,84.090004,9.33,E
2003-01-18 12:00:00,1.25,79.46,9.17,E
2003-01-18 15:00:00,1.16,74.91,8.84,E
2003-01-18 18:00:00,1.1,73.71,8.849999,E
2003-01-18 21:00:00,1.04,72.69,8.91,E
2003-01-19 00:00:00,1.01,67.57,8.78,E
2003-01-19 03:00:00,1.0699999,56.050003,8.71,NE
2003-01-19 06:00:00,1.14,47.78,7.0499997,NE
2003-01-19 09:00:00,1.09,51.059998,7.2599998,NE
2003-01-19 12:00:00,1.13,57.47,9.57,NE
2003-01-19 15:00:00,1.05,67.08,9.84,NE
2003-01-19 18:00:00,0.96999997,75.43,9.71,E
2003-01-19 21:00:00,0.90999997,82.14,9.44,E
2003-01-20 00:00:00,0.85999995,89.07,9.09,E
2003-01-20 03:00:00,0.84,97.51,8.639999,E
2003-01-20 06:00:00,0.84,106.39,8.24,E
2003-01-20 09:00:00,0.85999995,113.380005,8.0199995,SE
2003-01-20 12:00:00,0.87,117.490005,7.91,SE
2003-01-20 15:00:00,0.9,119.990005,7.91,SE
2003-01-20 18:00:00,0.91999996,122.18,7.95,SE
2003-01-20 21:00:00,0.95,124.58,7.95,SE
2003-01-21 00:00:00,0.97999996,126.56,11.25,SE
2003-01-21 03:00:00,1.02,123.62,10.99,SE
2003-01-21 06:00:00,1.14,103.44,10.67,E
2003-01-21 09:00:00,1.16,94.060005,10.33,E
2003-01-21 12:00:00,1.06,91.42,9.8,E
2003-01-21 15:00:00,0.96,94.29,9.389999,E
2003-01-21 18:00:00,0.90999997,96.03,8.41,E
2003-01-21 21:00:00,0.89,93.07,8.33,E
2003-01-22 00:00:00,0.85999995,94.57,9.15,E
2003-01-22 03:00:00,0.87,90.94,9.13,E
2003-01-22 06:00:00,0.87,90.8,8.5,E
2003-01-22 09:00:00,0.87,92.3,8.309999,E
2003-01-22 12:00:00,0.84,92.69,7.95,E
2003-01-22 15:00:00,0.85999995,93.33,7.73,E
2003-01-22 18:00:00,0.93,95.310005,7.6299996,E
2003-01-22 21:00:00,1.04,100.380005,7.5299997,E
2003-01-23 00:00:00,1.11,105.71,5.77,E
2003-01-23 03:00:00,1.1999999,110.74,7.5,E
2003-01-23 06:00:00,1.27,115.770004,7.5099998,SE
2003-01-23 09:00:00,1.36,120.55,7.46,SE
2003-01-23 12:00:00,1.4499999,123.16,5.5299997,SE
2003-01-23 15:00:00,1.56,122.729996,5.72,SE
2003-01-23 18:00:00,1.62,121.990005,5.99,SE
2003-01-23 21:00:00,1.64,119.72,6.19,SE
2003-01-24 00:00:00,1.63,115.83,6.39,SE
2003-01-24 03:00:00,1.63,113.33,6.6099997,SE
2003-01-24 06:00:00,1.66,112.37,6.75,E
2003-01-24 09:00:00,1.64,110.74,6.8399997,E
2003-01-24 12:00:00,1.5699999,107.51,6.97,E
2003-01-24 15:00:00,1.4699999,104.3,7.0499997,E
2003-01-24 18:00:00,1.4499999,104.05,7.1099997,E
2003-01-24 21:00:00,1.4399999,103.26,7.0099998,E
2003-01-25 00:00:00,1.4,101.19,6.92,E
2003-01-25 03:00:00,1.36,99.060005,6.92,E
2003-01-25 06:00:00,1.3399999,97.41,7.0299997,E
2003-01-25 09:00:00,1.3,95.310005,7.0499997,E
2003-01-25 12:00:00,1.28,93.21,7.1099997,E
2003-01-25 15:00:00,1.24,90.770004,7.24,E
2003-01-25 18:00:00,1.2099999,88.740005,7.25,E
2003-01-25 21:00:00,1.38,86.810005,7.71,E
2003-01-26 00:00:00,1.3199999,87.990005,7.74,E
2003-01-26 03:00:00,1.2099999,86.48,7.56,E
2003-01-26 06:00:00,1.18,84.200005,7.6,E
2003-01-26 09:00:00,1.14,83.07,7.68,E
2003-01-26 12:00:00,1.1,82.79,7.72,E
2003-01-26 15:00:00,1.05,82.670006,7.69,E
2003-01-26 18:00:00,1.01,82.85,7.6499996,E
2003-01-26 21:00:00,0.96999997,82.65,7.64,E
2003-01-27 00:00:00,0.95,80.130005,7.5899997,E
2003-01-27 03:00:00,0.97999996,73.060005,7.6099997,E
2003-01-27 06:00:00,1.01,67.82,7.6099997,E
2003-01-27 09:00:00,0.98999995,69.840004,7.6499996,E
2003-01-27 12:00:00,0.96999997,72.75,7.6699996,E
2003-01-27 15:00:00,0.94,75.5,7.7,E
2003-01-27 18:00:00,0.91999996,77.33,7.69,E
2003-01-27 21:00:00,0.9,78.41,7.66,E
2003-01-28 00:00:00,0.88,79.3,7.62,E
2003-01-28 03:00:00,0.87,80.69,7.5299997,E
2003-01-28 06:00:00,0.87,81.91,7.4199996,E
2003-01-28 09:00:00,1.0,83.93,7.72,E
2003-01-28 12:00:00,1.0,88.55,7.74,E
2003-01-28 15:00:00,0.96999997,89.770004,7.54,E
2003-01-28 18:00:00,0.94,90.12,7.3999996,E
2003-01-28 21:00:00,0.90999997,90.22,7.27,E
2003-01-29 00:00:00,1.02,89.93,7.45,E
2003-01-29 03:00:00,1.04,94.14,7.7,E
2003-01-29 06:00:00,0.98999995,92.47,7.45,E
2003-01-29 09:00:00,0.96,90.920006,7.29,E
2003-01-29 12:00:00,0.95,89.130005,6.8199997,E
2003-01-29 15:00:00,0.96,87.3,6.7999997,E
2003-01-29 18:00:00,0.96,85.590004,6.7999997,E
2003-01-29 21:00:00,0.98999995,83.35,6.8199997,E
2003-01-30 00:00:00,1.01,81.26,6.87,E
2003-01-30 03:00:00,1.01,79.520004,7.41,E
2003-01-30 06:00:00,1.05,75.18,7.5299997,E
2003-01-30 09:00:00,1.1,70.200005,7.62,E
2003-01-30 12:00:00,1.1899999,63.36,7.7,NE
2003-01-30 15:00:00,1.27,57.780006,7.79,NE
2003-01-30 18:00:00,1.29,56.89,7.9199996,NE
2003-01-30 21:00:00,1.29,58.370003,8.059999,NE
2003-01-31 00:00:00,1.29,59.940002,8.16,NE
2003-01-31 03:00:00,1.39,59.530006,8.53,NE
2003-01-31 06:00:00,1.3399999,59.980003,8.53,NE
2003-01-31 09:00:00,1.3199999,62.39,8.63,NE
2003-01-31 12:00:00,1.31,64.65,8.71,NE
2003-01-31 15:00:00,1.24,69.05,8.75,E
2003-01-31 18:00:00,1.1899999,73.4,8.76,E
2003-01-31 21:00:00,1.17,77.3,8.809999,E
2003-02-01 00:00:00,1.2099999,81.44,8.88,E
2003-02-01 03:00:00,1.25,90.28,8.9,E
2003-02-01 06:00:00,1.4,99.8,8.96,E
2003-02-01 09:00:00,1.64,110.25,9.28,E
2003-02-01 12:00:00,2.12,119.75,5.93,SE
2003-02-01 15:00:00,2.7,119.350006,7.1499996,SE
2003-02-01 18:00:00,2.76,113.12,10.59,SE
2003-02-01 21:00:00,2.96,111.15,10.25,E
2003-02-02 00:00:00,3.1799998,114.11,9.69,SE
2003-02-02 03:00:00,3.29,118.09,9.01,SE
2003-02-02 06:00:00,3.3899999,125.270004,9.0199995,SE
2003-02-02 09:00:00,3.33,127.12,9.23,SE
2003-02-02 12:00:00,3.26,125.17,9.38,SE
2003-02-02 15:00:00,3.1,122.29,9.29,SE
2003-02-02 18:00:00,2.8899999,118.740005,9.17,SE
2003-02-02 21:00:00,2.78,115.54,9.11,SE
2003-02-03 00:00:00,2.75,110.64,9.11,E
2003-02-03 03:00:00,2.77,106.810005,9.309999,E
2003-02-03 06:00:00,2.76,106.91,9.4,E
2003-02-03 09:00:00,2.6799998,108.19,9.24,E
2003-02-03 12:00:00,2.58,109.060005,9.08,E
2003-02-03 15:00:00,2.48,108.29,8.94,E
2003-02-03 18:00:00,2.3999999,107.090004,8.809999,E
2003-02-03 21:00:00,2.4199998,105.11,8.639999,E
2003-02-04 00:00:00,2.44,101.16,8.5199995,E
2003-02-04 03:00:00,2.5,98.94,8.47,E
2003-02-04 06:00:00,2.57,100.39,8.429999,E
2003-02-04 09:00:00,2.6299999,101.6,8.51,E
2003-02-04 12:00:00,2.51,100.73,8.49,E
2003-02-04 15:00:00,2.3799999,98.380005,8.41,E
2003-02-04 18:00:00,2.4299998,96.01,8.57,E
2003-02-04 21:00:00,2.4299998,94.62,8.65,E
2003-02-05 00:00:00,2.3899999,92.770004,8.74,E
2003-02-05 03:00:00,2.3,92.11,8.75,E
2003-02-05 06:00:00,2.23,92.950005,8.7,E
2003-02-05 09:00:00,2.2,94.15,8.639999,E
2003-02-05 12:00:00,2.1299999,94.68,8.59,E
2003-02-05 15:00:00,2.05,94.07,8.54,E
2003-02-05 18:00:00,1.9799999,92.880005,8.47,E
2003-02-05 21:00:00,1.93,92.11,8.42,E
2003-02-06 00:00:00,1.89,91.51,8.38,E
2003-02-06 03:00:00,1.8499999,90.72,8.34,E
2003-02-06 06:00:00,1.81,90.76,8.2699995,E
2003-02-06 09:00:00,1.81,92.16,8.21,E
2003-02-06 12:00:00,1.8199999,92.55,8.11,E
2003-02-06 15:00:00,1.78,91.61,8.0199995,E
2003-02-06 18:00:00,1.6999999,91.0,8.01,E
2003-02-06 21:00:00,1.63,90.66,8.01,E
2003-02-07 00:00:00,1.56,90.310005,7.99,E
2003-02-07 03:00:00,1.52,90.43,7.97,E
2003-02-07 06:00:00,1.49,90.770004,7.97,E
2003-02-07 09:00:00,1.5899999,90.990005,8.29,E
2003-02-07 12:00:00,1.5,91.69,8.139999,E
2003-02-07 15:00:00,1.38,91.51,7.97,E
2003-02-07 18:00:00,1.3299999,91.270004,7.98,E
2003-02-07 21:00:00,1.28,91.840004,8.0199995,E
2003-02-08 00:00:00,1.2099999,92.32,8.0,E
2003-02-08 03:00:00,1.17,91.87,8.11,E
2003-02-08 06:00:00,1.17,91.05,8.33,E
2003-02-08 09:00:00,1.1999999,90.630005,8.679999,E
2003-02-08 12:00:00,1.22,90.4,8.83,E
2003-02-08 15:00:00,1.23,90.26,8.889999,E
2003-02-08 18:00:00,1.24,90.590004,8.95,E
2003-02-08 21:00:00,1.25,90.97,9.0199995,E
2003-02-09 00:00:00,1.27,91.22,9.09,E
2003-02-09 03:00:00,1.27,91.64,9.16,E
2003-02-09 06:00:00,1.31,92.61,9.38,E
2003-02-09 09:00:00,1.37,94.64,9.65,E
2003-02-09 12:00:00,1.4699999,96.630005,9.929999,E
2003-02-09 15:00:00,1.55,97.090004,10.03,E
2003-02-09 18:00:00,1.54,96.73,9.889999,E
2003-02-09 21:00:00,1.52,98.270004,9.7,E
2003-02-10 00:00:00,1.53,102.65,9.57,E
2003-02-10 03:00:00,1.52,106.19,9.389999,E
2003-02-10 06:00:00,1.56,106.12,9.44,E
2003-02-10 09:00:00,1.55,103.520004,9.429999,E
2003-02-10 12:00:00,1.5699999,101.91,9.45,E
2003-02-10 15:00:00,1.54,101.22,9.3,E
2003-02-10 18:00:00,1.55,101.270004,9.2699995,E
2003-02-10 21:00:00,1.49,102.060005,9.09,E
2003-02-11 00:00:00,1.39,103.520004,8.83,E
2003-02-11 03:00:00,1.31,104.71,8.61,E
2003-02-11 06:00:00,1.28,107.41,8.44,E
2003-02-11 09:00:00,1.28,111.520004,8.34,E
2003-02-11 12:00:00,1.29,116.05,8.22,SE
2003-02-11 15:00:00,1.26,117.72,8.07,SE
2003-02-11 18:00:00,1.23,117.83,8.05,SE
2003-02-11 21:00:00,1.2099999,119.3,8.389999,SE
2003-02-12 00:00:00,1.1999999,120.229996,8.91,SE
2003-02-12 03:00:00,1.2099999,119.89,9.179999,SE
2003-02-12 06:00:00,1.31,123.51,9.38,SE
2003-02-12 09:00:00,1.37,123.270004,12.07,SE
2003-02-12 12:00:00,1.36,117.29,16.18,SE
2003-02-12 15:00:00,1.3399999,110.8,16.029999,E
2003-02-12 18:00:00,1.3399999,106.24,14.4,E
2003-02-12 21:00:00,1.3299999,103.6,14.12,E
2003-02-13 00:00:00,1.3299999,101.75,13.809999,E
2003-02-13 03:00:00,1.3199999,100.880005,13.7,E
2003-02-13 06:00:00,1.3399999,100.07,13.61,E
2003-02-13 09:00:00,1.35,99.340004,13.549999,E
2003-02-13 12:00:00,1.37,98.54,13.549999,E
2003-02-13 15:00:00,1.38,97.79,13.559999,E
2003-02-13 18:00:00,1.4,97.340004,13.5199995,E
2003-02-13 21:00:00,1.39,97.380005,13.349999,E
2003-02-14 00:00:00,1.29,98.46,12.59,E
2003-02-14 03:00:00,1.43,100.97,13.07,E
2003-02-14 06:00:00,1.54,102.82,13.2,E
2003-02-14 09:00:00,1.55,103.6,13.32,E
2003-02-14 12:00:00,1.53,103.41,13.469999,E
2003-02-14 15:00:00,1.48,102.82,13.44,E
2003-02-14 18:00:00,1.5699999,103.3,13.66,E
2003-02-14 21:00:00,1.54,102.32,13.42,E
2003-02-15 00:00:00,1.5,102.03,13.219999,E
2003-02-15 03:00:00,1.4499999,102.21,13.04,E
2003-02-15 06:00:00,1.41,102.68,12.91,E
2003-02-15 09:00:00,1.38,103.01,12.799999,E
2003-02-15 12:00:00,1.36,102.97,12.71,E
2003-02-15 15:00:00,1.3399999,102.61,12.509999,E
2003-02-15 18:00:00,1.3299999,102.32,12.2699995,E
2003-02-15 21:00:00,1.3199999,102.23,12.16,E
2003-02-16 00:00:00,1.3199999,102.19,12.04,E
2003-02-16 03:00:00,1.3,102.19,11.87,E
2003-02-16 06:00:00,1.28,102.37,11.69,E
2003-02-16 09:00:00,1.27,102.090004,11.49,E
2003-02-16 12:00:00,1.25,101.79,11.2699995,E
2003-02-16 15:00:00,1.22,102.020004,11.13,E
2003-02-16 18:00:00,1.1899999,102.64,11.05,E
2003-02-16 21:00:00,1.16,103.68,11.0199995,E
2003-02-17 00:00:00,1.13,104.73,11.059999,E
2003-02-17 03:00:00,0.97999996,104.91,10.469999,E
2003-02-17 06:00:00,1.16,101.36,11.5199995,E
2003-02-17 09:00:00,1.05,100.0,10.86,E
2003-02-17 12:00:00,1.0,102.11,11.0199995,E
2003-02-17 15:00:00,0.96,103.54,11.11,E
2003-02-17 18:00:00,0.94,105.23,11.11,E
2003-02-17 21:00:00,0.94,106.810005,11.259999,E
2003-02-18 00:00:00,0.94,106.91,11.259999,E
2003-02-18 03:00:00,0.94,106.64,11.13,E
2003-02-18 06:00:00,0.94,106.94,11.12,E
2003-02-18 09:00:00,0.95,107.57,11.219999,E
2003-02-18 12:00:00,0.96,108.22,11.179999,E
2003-02-18 15:00:00,0.96,108.98,11.01,E
2003-02-18 18:00:00,1.0699999,110.07,11.48,E
2003-02-18 21:00:00,1.03,113.17,11.11,SE
2003-02-19 00:00:00,1.02,114.89,10.82,SE
2003-02-19 03:00:00,0.98999995,115.590004,10.5199995,SE
2003-02-19 06:00:00,0.97999996,115.94,10.32,SE
2003-02-19 09:00:00,0.96999997,117.06,10.34,SE
2003-02-19 12:00:00,0.96,117.66,10.59,SE
2003-02-19 15:00:00,0.96999997,118.4,10.82,SE
2003-02-19 18:00:00,0.97999996,119.5,10.96,SE
2003-02-19 21:00:00,0.98999995,120.94,11.059999,SE
2003-02-20 00:00:00,1.01,121.990005,11.07,SE
2003-02-20 03:00:00,1.14,122.740005,11.4,SE
2003-02-20 06:00:00,1.22,123.46001,11.21,SE
2003-02-20 09:00:00,1.28,124.47,11.25,SE
2003-02-20 12:00:00,1.26,125.5,11.17,SE
2003-02-20 15:00:00,1.25,125.020004,11.01,SE
2003-02-20 18:00:00,1.2099999,123.229996,10.83,SE
2003-02-20 21:00:00,1.1899999,119.31,10.73,SE
2003-02-21 00:00:00,1.1899999,115.0,10.7699995,SE
2003-02-21 03:00:00,1.1999999,111.69,10.78,E
2003-02-21 06:00:00,1.23,110.3,10.8,E
2003-02-21 09:00:00,1.31,107.630005,8.76,E
2003-02-21 12:00:00,1.43,102.020004,8.97,E
2003-02-21 15:00:00,1.55,94.33,9.0,E
2003-02-21 18:00:00,1.61,87.26,8.94,E
2003-02-21 21:00:00,1.5999999,83.44,8.929999,E
2003-02-22 00:00:00,1.5799999,86.490005,9.059999,E
2003-02-22 03:00:00,1.5,90.310005,9.03,E
2003-02-22 06:00:00,1.42,92.26,12.55,E
2003-02-22 09:00:00,1.4,91.58,9.3,E
2003-02-22 12:00:00,1.41,88.43,9.22,E
2003-02-22 15:00:00,1.51,82.450005,7.19,E
2003-02-22 18:00:00,1.55,80.1,7.1,E
2003-02-22 21:00:00,1.48,80.82,7.0899997,E
2003-02-23 00:00:00,1.38,82.8,7.1,E
2003-02-23 03:00:00,1.3399999,84.740005,8.63,E
2003-02-23 06:00:00,1.29,85.98,8.65,E
2003-02-23 09:00:00,1.31,86.62,8.17,E
2003-02-23 12:00:00,1.3399999,87.420006,8.12,E
2003-02-23 15:00:00,1.36,87.28,8.69,E
2003-02-23 18:00:00,1.4,91.14,8.599999,E
2003-02-23 21:00:00,1.48,97.92,8.74,E
2003-02-24 00:00:00,1.76,104.47,8.75,E
2003-02-24 03:00:00,2.1699998,110.54,8.559999,E
2003-02-24 06:00:00,2.3899999,115.87,8.36,SE
2003-02-24 09:00:00,2.4299998,117.479996,8.59,SE
2003-02-24 12:00:00,2.3799999,114.61,8.76,SE
2003-02-24 15:00:00,2.62,110.24,9.09,E
2003-02-24 18:00:00,2.71,107.060005,9.38,E
2003-02-24 21:00:00,2.7,106.020004,9.51,E
2003-02-25 00:00:00,2.59,105.42,9.5,E
2003-02-25 03:00:00,2.47,105.5,9.51,E
2003-02-25 06:00:00,2.4299998,106.630005,9.48,E
2003-02-25 09:00:00,2.3899999,107.93,9.49,E
2003-02-25 12:00:00,2.46,108.28,9.49,E
2003-02-25 15:00:00,2.56,107.310005,9.37,E
2003-02-25 18:00:00,2.5,105.87,9.34,E
2003-02-25 21:00:00,2.4299998,106.01,9.29,E
2003-02-26 00:00:00,2.36,105.74,9.24,E
2003-02-26 03:00:00,2.31,104.130005,9.15,E
2003-02-26 06:00:00,2.3799999,102.22,9.08,E
2003-02-26 09:00:00,2.4099998,100.11,8.96,E
2003-02-26 12:00:00,2.47,97.51,9.08,E
2003-02-26 15:00:00,2.24,95.76,8.83,E
2003-02-26 18:00:00,2.1399999,95.270004,8.7,E
2003-02-26 21:00:00,2.06,95.07,8.54,E
2003-02-27 00:00:00,2.0,93.72,8.34,E
2003-02-27 03:00:00,2.03,92.15,8.42,E
2003-02-27 06:00:00,1.8499999,90.840004,8.099999,E
2003-02-27 09:00:00,1.76,89.66,8.01,E
2003-02-27 12:00:00,1.68,88.700005,7.95,E
2003-02-27 15:00:00,1.63,88.18,7.8999996,E
2003-02-27 18:00:00,1.5899999,87.33,7.83,E
2003-02-27 21:00:00,1.5799999,87.020004,7.7999997,E
2003-02-28 00:00:00,1.5899999,87.61,7.77,E
2003-02-28 03:00:00,1.5799999,88.16,7.87,E
2003-02-28 06:00:00,1.5899999,88.630005,11.01,E
2003-02-28 09:00:00,1.5999999,87.97,12.92,E
2003-02-28 12:00:00,1.63,86.87,12.9,E
2003-02-28 15:00:00,1.65,86.1,12.84,E
2003-02-28 18:00:00,1.66,85.96,10.73,E
2003-02-28 21:00:00,1.65,86.71,7.5899997,E
2003-03-01 00:00:00,1.63,88.26,7.71,E
2003-03-01 03:00:00,1.64,95.42,7.87,E
2003-03-01 06:00:00,1.5799999,92.6,7.94,E
2003-03-01 09:00:00,1.53,92.590004,8.08,E
2003-03-01 12:00:00,1.5,92.55,8.32,E
2003-03-01 15:00:00,1.4399999,93.700005,11.15,E
2003-03-01 18:00:00,1.5899999,114.85,12.96,SE
2003-03-01 21:00:00,1.9799999,143.29001,6.1,SE
2003-03-02 00:00:00,2.3799999,149.71,7.8999996,SE
2003-03-02 03:00:00,2.35,148.6,8.86,SE
2003-03-02 06:00:00,2.18,143.4,9.98,SE
2003-03-02 09:00:00,2.02,139.12,10.29,SE
2003-03-02 12:00:00,1.8399999,135.65,10.28,SE
2003-03-02 15:00:00,1.7199999,133.22,10.41,SE
2003-03-02 18:00:00,1.61,132.0,10.5,SE
2003-03-02 21:00:00,1.51,130.61,10.44,SE
2003-03-03 00:00:00,1.43,129.84,10.44,SE
2003-03-03 03:00:00,1.4,130.3,10.7,SE
2003-03-03 06:00:00,1.4599999,131.67,11.36,SE
2003-03-03 09:00:00,1.48,132.91,11.5199995,SE
2003-03-03 12:00:00,1.52,133.39,11.599999,SE
2003-03-03 15:00:00,1.5,133.06,11.48,SE
2003-03-03 18:00:00,1.5,131.73,11.48,SE
2003-03-03 21:00:00,1.54,128.25,11.5199995,SE
2003-03-04 00:00:00,1.5799999,123.94,11.48,SE
2003-03-04 03:00:00,1.5699999,120.92,11.33,SE
2003-03-04 06:00:00,1.55,118.51,8.0199995,SE
2003-03-04 09:00:00,1.53,116.65,7.95,SE
2003-03-04 12:00:00,1.51,115.05,7.89,SE
2003-03-04 15:00:00,1.49,114.5,7.8199997,SE
2003-03-04 18:00:00,1.51,115.53,10.69,SE
2003-03-04 21:00:00,1.55,118.72,13.96,SE
2003-03-05 00:00:00,1.38,121.81,12.86,SE
2003-03-05 03:00:00,1.53,128.66,13.71,SE
2003-03-05 06:00:00,1.5899999,127.770004,13.389999,SE
2003-03-05 09:00:00,1.62,126.020004,13.16,SE
2003-03-05 12:00:00,1.67,124.729996,13.099999,SE
2003-03-05 15:00:00,1.6999999,123.47,13.03,SE
2003-03-05 18:00:00,1.7199999,122.14,12.88,SE
2003-03-05 21:00:00,1.7199999,120.729996,12.719999,SE
2003-03-06 00:00:00,1.6999999,118.09,12.49,SE
2003-03-06 03:00:00,1.73,114.71,12.509999,SE
2003-03-06 06:00:00,1.77,113.1,12.389999,SE
2003-03-06 09:00:00,1.76,113.23,11.969999,SE
2003-03-06 12:00:00,1.74,112.130005,11.58,E
2003-03-06 15:00:00,1.76,112.08,11.45,E
2003-03-06 18:00:00,1.76,110.5,9.099999,E
2003-03-06 21:00:00,1.76,109.71,9.09,E
2003-03-07 00:00:00,1.78,109.78,8.78,E
2003-03-07 03:00:00,1.8,109.91,8.679999,E
2003-03-07 06:00:00,1.8199999,110.75,8.87,E
2003-03-07 09:00:00,1.8499999,110.87,9.04,E
2003-03-07 12:00:00,1.8499999,110.55,9.12,E
2003-03-07 15:00:00,1.8299999,110.380005,9.11,E
2003-03-07 18:00:00,1.9,111.96,9.24,E
2003-03-07 21:00:00,1.88,115.05,9.09,SE
2003-03-08 00:00:00,1.88,116.75,9.13,SE
2003-03-08 03:00:00,1.86,117.770004,9.16,SE
2003-03-08 06:00:00,1.86,119.9,9.17,SE
2003-03-08 09:00:00,1.8299999,122.08,9.139999,SE
2003-03-08 12:00:00,1.76,122.5,9.11,SE
2003-03-08 15:00:00,1.68,121.62,9.11,SE
2003-03-08 18:00:00,1.64,121.75,9.17,SE
2003-03-08 21:00:00,1.64,123.270004,9.3,SE
2003-03-09 00:00:00,1.64,122.08,9.599999,SE
2003-03-09 03:00:00,1.78,119.31,10.15,SE
2003-03-09 06:00:00,1.6999999,118.2,9.9,SE
2003-03-09 09:00:00,1.62,116.4,9.75,SE
2003-03-09 12:00:00,1.63,114.25,9.95,SE
2003-03-09 15:00:00,1.5799999,112.3,10.0,E
2003-03-09 18:00:00,1.53,111.07,9.96,E
2003-03-09 21:00:00,1.48,110.950005,9.87,E
2003-03-10 00:00:00,1.43,110.97,9.91,E
2003-03-10 03:00:00,1.41,110.700005,10.08,E
2003-03-10 06:00:00,1.41,110.33,10.28,E
2003-03-10 09:00:00,1.41,109.75,10.38,E
2003-03-10 12:00:00,1.41,109.33,10.33,E
2003-03-10 15:00:00,1.4,109.18,10.23,E
2003-03-10 18:00:00,1.43,109.65,10.2,E
2003-03-10 21:00:00,1.38,110.42,9.96,E
2003-03-11 00:00:00,1.37,112.74,9.82,SE
2003-03-11 03:00:00,1.4,115.18,9.82,SE
2003-03-11 06:00:00,1.4499999,116.64,9.84,SE
2003-03-11 09:00:00,1.5,117.54,9.849999,SE
2003-03-11 12:00:00,1.51,117.100006,9.74,SE
2003-03-11 15:00:00,1.54,117.55,9.61,SE
2003-03-11 18:00:00,1.5699999,117.270004,9.59,SE
2003-03-11 21:00:00,1.66,117.81,9.62,SE
2003-03-12 00:00:00,1.75,117.75,9.469999,SE
2003-03-12 03:00:00,1.8399999,117.86,9.08,SE
2003-03-12 06:00:00,2.0,118.75,8.91,SE
2003-03-12 09:00:00,1.9799999,118.43,8.679999,SE
2003-03-12 12:00:00,1.9799999,117.64,8.73,SE
2003-03-12 15:00:00,1.99,116.37,8.889999,SE
2003-03-12 18:00:00,1.99,114.61,9.01,SE
2003-03-12 21:00:00,2.0,113.15,9.01,SE
2003-03-13 00:00:00,2.0,111.590004,8.95,E
2003-03-13 03:00:00,1.99,110.3,8.9,E
2003-03-13 06:00:00,1.9799999,109.8,8.91,E
2003-03-13 09:00:00,1.9599999,109.3,8.94,E
2003-03-13 12:00:00,1.9399999,109.74,8.99,E
2003-03-13 15:00:00,1.89,108.810005,8.98,E
2003-03-13 18:00:00,1.76,106.310005,8.8,E
2003-03-13 21:00:00,1.68,104.53,8.61,E
2003-03-14 00:00:00,1.5899999,103.58,8.47,E
2003-03-14 03:00:00,1.53,102.42,8.47,E
2003-03-14 06:00:00,1.51,103.020004,8.51,E
2003-03-14 09:00:00,1.5,104.72,8.53,E
2003-03-14 12:00:00,1.5999999,106.51,8.88,E
2003-03-14 15:00:00,1.54,107.04,8.88,E
2003-03-14 18:00:00,1.48,108.18,8.76,E
2003-03-14 21:00:00,1.4399999,109.75,8.639999,E
2003-03-15 00:00:00,1.37,108.9,8.54,E
2003-03-15 03:00:00,1.28,105.67,8.48,E
2003-03-15 06:00:00,1.2099999,103.46,8.389999,E
2003-03-15 09:00:00,1.17,102.43,8.389999,E
2003-03-15 12:00:00,1.12,100.93,8.48,E
2003-03-15 15:00:00,1.0799999,99.37,8.639999,E
2003-03-15 18:00:00,1.05,98.41,9.0199995,E
2003-03-15 21:00:00,1.04,97.86,9.69,E
2003-03-16 00:00:00,1.0799999,97.340004,10.32,E
2003-03-16 03:00:00,1.05,98.770004,10.57,E
2003-03-16 06:00:00,1.05,100.740005,10.67,E
2003-03-16 09:00:00,1.16,104.93,10.969999,E
2003-03-16 12:00:00,1.13,109.020004,10.65,E
2003-03-16 15:00:00,1.12,112.44,10.44,E
2003-03-16 18:00:00,1.18,118.990005,10.33,SE
2003-03-16 21:00:00,1.25,126.92,10.21,SE
2003-03-17 00:00:00,1.29,130.42,10.16,SE
2003-03-17 03:00:00,1.3299999,132.63,7.5499997,SE
2003-03-17 06:00:00,1.38,134.09,5.64,SE
2003-03-17 09:00:00,1.43,133.6,5.7,SE
2003-03-17 12:00:00,1.48,130.6,6.04,SE
2003-03-17 15:00:00,1.53,129.16,6.24,SE
2003-03-17 18:00:00,1.56,129.0,6.41,SE
2003-03-17 21:00:00,1.5699999,128.71,6.5099998,SE
2003-03-18 00:00:00,1.67,126.21001,6.7599998,SE
2003-03-18 03:00:00,1.65,123.64,6.8199997,SE
2003-03-18 06:00:00,1.63,122.12,6.91,SE
2003-03-18 09:00:00,1.56,121.07,6.95,SE
2003-03-18 12:00:00,1.52,119.47,6.93,SE
2003-03-18 15:00:00,1.5,117.380005,6.8199997,SE
2003-03-18 18:00:00,1.4699999,115.82,6.7599998,SE
2003-03-18 21:00:00,1.41,115.01,6.73,SE
2003-03-19 00:00:00,1.42,114.65,6.95,SE
2003-03-19 03:00:00,1.29,115.55,6.71,SE
2003-03-19 06:00:00,1.1999999,116.350006,6.64,SE
2003-03-19 09:00:00,1.11,116.11,6.5899997,SE
2003-03-19 12:00:00,1.04,115.36,6.56,SE
2003-03-19 15:00:00,1.0,113.41,6.56,SE
2003-03-19 18:00:00,0.97999996,110.310005,6.5899997,E
2003-03-19 21:00:00,0.96999997,106.42,6.67,E
2003-03-20 00:00:00,0.95,102.58,6.77,E
2003-03-20 03:00:00,0.95,98.990005,7.2599998,E
2003-03-20 06:00:00,0.98999995,93.4,7.44,E
2003-03-20 09:00:00,1.05,86.18,7.6699996,E
2003-03-20 12:00:00,1.1,83.6,8.12,E
2003-03-20 15:00:00,1.11,85.72,8.88,E
2003-03-20 18:00:00,1.12,88.79,9.139999,E
2003-03-20 21:00:00,1.13,91.53,9.36,E
2003-03-21 00:00:00,1.24,90.990005,9.809999,E
2003-03-21 03:00:00,1.26,90.840004,9.92,E
2003-03-21 06:00:00,1.29,88.130005,9.94,E
2003-03-21 09:00:00,1.3,87.64,9.91,E
2003-03-21 12:00:00,1.3399999,83.23,9.88,E
2003-03-21 15:00:00,1.3399999,82.32,9.84,E
2003-03-21 18:00:00,1.29,86.07,9.809999,E
2003-03-21 21:00:00,1.31,89.22,9.98,E
2003-03-22 00:00:00,1.3,91.28,10.05,E
2003-03-22 03:00:00,1.29,93.21,10.13,E
2003-03-22 06:00:00,1.28,93.42,10.19,E
2003-03-22 09:00:00,1.29,92.090004,10.23,E
2003-03-22 12:00:00,1.3,91.05,10.32,E
2003-03-22 15:00:00,1.3,91.66,10.24,E
2003-03-22 18:00:00,1.29,93.61,10.11,E
2003-03-22 21:00:00,1.26,96.36,10.07,E
2003-03-23 00:00:00,1.24,98.560005,10.139999,E
2003-03-23 03:00:00,1.23,100.15,10.19,E
2003-03-23 06:00:00,1.4,101.29,10.719999,E
2003-03-23 09:00:00,1.3299999,101.950005,10.349999,E
2003-03-23 12:00:00,1.3,104.07,10.03,E
2003-03-23 15:00:00,1.3,106.770004,9.9,E
2003-03-23 18:00:00,1.29,108.630005,9.83,E
2003-03-23 21:00:00,1.3199999,112.44,9.8,E
2003-03-24 00:00:00,1.38,116.08,9.84,SE
2003-03-24 03:00:00,1.4,117.91,9.76,SE
2003-03-24 06:00:00,1.4399999,119.97,9.67,SE
2003-03-24 09:00:00,1.4699999,120.69,9.559999,SE
2003-03-24 12:00:00,1.4699999,119.68,9.469999,SE
2003-03-24 15:00:00,1.4399999,118.47,9.44,SE
2003-03-24 18:00:00,1.42,117.990005,9.46,SE
2003-03-24 21:00:00,1.49,119.2,9.719999,SE
2003-03-25 00:00:00,1.42,121.04,9.66,SE
2003-03-25 03:00:00,1.37,122.33,9.559999,SE
2003-03-25 06:00:00,1.3299999,123.25,9.46,SE
2003-03-25 09:00:00,1.31,123.31,9.4,SE
2003-03-25 12:00:00,1.28,122.880005,9.28,SE
2003-03-25 15:00:00,1.25,122.479996,9.16,SE
2003-03-25 18:00:00,1.23,122.64,9.08,SE
2003-03-25 21:00:00,1.23,123.380005,9.099999,SE
2003-03-26 00:00:00,1.1999999,123.92,9.19,SE
2003-03-26 03:00:00,1.17,124.12,9.349999,SE
2003-03-26 06:00:00,1.11,124.55,9.21,SE
2003-03-26 09:00:00,1.27,125.17,9.54,SE
2003-03-26 12:00:00,1.26,125.92,9.639999,SE
2003-03-26 15:00:00,1.23,125.59,9.49,SE
2003-03-26 18:00:00,1.22,126.270004,9.24,SE
2003-03-26 21:00:00,1.22,128.23,9.03,SE
2003-03-27 00:00:00,1.24,129.37,8.889999,SE
2003-03-27 03:00:00,1.22,128.99,7.25,SE
2003-03-27 06:00:00,1.26,129.16,7.2599998,SE
2003-03-27 09:00:00,1.28,129.19,7.22,SE
2003-03-27 12:00:00,1.22,127.880005,7.2,SE
2003-03-27 15:00:00,1.16,126.14,7.2799997,SE
2003-03-27 18:00:00,1.11,124.8,8.91,SE
2003-03-27 21:00:00,1.01,124.09,8.4,SE
2003-03-28 00:00:00,0.98999995,124.270004,8.25,SE
2003-03-28 03:00:00,0.97999996,123.380005,8.47,SE
2003-03-28 06:00:00,0.96,122.600006,8.55,SE
2003-03-28 09:00:00,0.95,121.81,8.5199995,SE
2003-03-28 12:00:00,0.94,121.0,8.49,SE
2003-03-28 15:00:00,0.93,120.29,8.51,SE
2003-03-28 18:00:00,0.91999996,119.770004,8.54,SE
2003-03-28 21:00:00,1.0,120.3,8.849999,SE
2003-03-29 00:00:00,1.01,121.979996,8.86,SE
2003-03-29 03:00:00,0.91999996,121.29,8.429999,SE
2003-03-29 06:00:00,0.87,120.26,8.65,SE
2003-03-29 09:00:00,0.88,120.47,8.809999,SE
2003-03-29 12:00:00,0.88,120.83,8.78,SE
2003-03-29 15:00:00,0.88,120.87,8.95,SE
2003-03-29 18:00:00,0.89,120.46001,9.42,SE
2003-03-29 21:00:00,0.9,119.96001,9.73,SE
2003-03-30 00:00:00,0.9,119.07,9.889999,SE
2003-03-30 03:00:00,0.9,117.17,10.059999,SE
2003-03-30 06:00:00,0.9,115.29,10.24,SE
2003-03-30 09:00:00,0.90999997,110.98,10.37,E
2003-03-30 12:00:00,0.84,109.01,9.98,E
2003-03-30 15:00:00,0.84,109.020004,9.969999,E
2003-03-30 18:00:00,0.88,108.87,10.389999,E
2003-03-30 21:00:00,0.93,109.37,10.59,E
2003-03-31 00:00:00,1.01,114.78,10.639999,SE
2003-03-31 03:00:00,1.13,120.44,10.719999,SE
2003-03-31 06:00:00,1.25,124.54,10.82,SE
2003-03-31 09:00:00,1.3299999,125.14,10.9,SE
2003-03-31 12:00:00,1.3199999,124.75,10.75,SE
2003-03-31 15:00:00,1.3,125.89,10.46,SE
2003-03-31 18:00:00,1.29,128.38,10.13,SE
2003-03-31 21:00:00,1.25,128.56,9.82,SE
2003-04-01 00:00:00,1.23,127.71001,9.63,SE
2003-04-01 03:00:00,1.25,131.83,9.36,SE
2003-04-01 06:00:00,1.25,126.69,8.92,SE
2003-04-01 09:00:00,1.28,124.66,8.53,SE
2003-04-01 12:00:00,1.28,122.93,8.41,SE
2003-04-01 15:00:00,1.25,121.51,8.32,SE
2003-04-01 18:00:00,1.22,120.39,8.24,SE
2003-04-01 21:00:00,1.18,119.59,9.59,SE
2003-04-02 00:00:00,1.14,119.100006,9.46,SE
2003-04-02 03:00:00,1.1,118.740005,9.28,SE
2003-04-02 06:00:00,1.0799999,118.380005,9.21,SE
2003-04-02 09:00:00,1.04,118.04,9.15,SE
2003-04-02 12:00:00,1.04,117.770004,9.08,SE
2003-04-02 15:00:00,0.96,117.05,8.69,SE
2003-04-02 18:00:00,0.93,115.71,8.78,SE
2003-04-02 21:00:00,0.91999996,115.0,9.44,SE
2003-04-03 00:00:00,0.9,114.6,9.849999,SE
2003-04-03 03:00:00,0.87,115.200005,9.98,SE
2003-04-03 06:00:00,0.84,116.59,10.01,SE
2003-04-03 09:00:00,0.84999996,120.600006,9.929999,SE
2003-04-03 12:00:00,1.11,141.59,7.45,SE
2003-04-03 15:00:00,1.43,154.86,5.5899997,SE
2003-04-03 18:00:00,1.56,156.08,6.3999996,SE
2003-04-03 21:00:00,1.56,154.15,6.81,SE
2003-04-04 00:00:00,1.64,152.17,8.03,SE
2003-04-04 03:00:00,1.74,149.95,8.49,SE
2003-04-04 06:00:00,1.8399999,148.53,9.11,SE
2003-04-04 09:00:00,1.87,147.49,9.63,SE
2003-04-04 12:00:00,1.8199999,145.33,9.889999,SE
2003-04-04 15:00:00,1.7199999,143.57,10.0,SE
2003-04-04 18:00:00,1.62,143.0,10.0,SE
2003-04-04 21:00:00,1.65,145.74,10.11,SE
2003-04-05 00:00:00,1.5899999,147.8,10.01,SE
2003-04-05 03:00:00,1.65,150.26,9.96,SE
2003-04-05 06:00:00,2.1699998,153.89,10.83,SE
2003-04-05 09:00:00,2.1699998,157.12,6.46,SE
2003-04-05 12:00:00,2.04,154.45,6.56,SE
2003-04-05 15:00:00,1.93,150.53,6.5,SE
2003-04-05 18:00:00,1.9,150.14,6.3999996,SE
2003-04-05 21:00:00,1.89,150.22,6.35,SE
2003-04-06 00:00:00,2.02,147.37,6.79,SE
2003-04-06 03:00:00,1.88,143.64,8.16,SE
2003-04-06 06:00:00,1.86,143.44,8.24,SE
2003-04-06 09:00:00,1.8199999,144.37,8.13,SE
2003-04-06 12:00:00,1.78,144.19,8.04,SE
2003-04-06 15:00:00,1.73,143.63,7.98,SE
2003-04-06 18:00:00,1.7199999,144.91,10.54,SE
2003-04-06 21:00:00,1.7099999,146.48,10.389999,SE
2003-04-07 00:00:00,1.6899999,146.09,10.32,SE
2003-04-07 03:00:00,1.66,144.52,10.41,SE
2003-04-07 06:00:00,1.64,142.92,10.45,SE
2003-04-07 09:00:00,1.5999999,141.94,10.38,SE
2003-04-07 12:00:00,1.54,140.63,10.19,SE
2003-04-07 15:00:00,1.48,139.0,9.95,SE
2003-04-07 18:00:00,1.4499999,138.42,9.74,SE
2003-04-07 21:00:00,1.48,137.8,9.57,SE
2003-04-08 00:00:00,1.37,136.28,9.22,SE
2003-04-08 03:00:00,1.26,134.21,8.69,SE
2003-04-08 06:00:00,1.18,132.17,8.5,SE
2003-04-08 09:00:00,1.13,130.58,8.54,SE
2003-04-08 12:00:00,1.1,129.8,11.17,SE
2003-04-08 15:00:00,1.0699999,129.17,11.07,SE
2003-04-08 18:00:00,1.05,128.29001,10.84,SE
2003-04-08 21:00:00,1.03,127.229996,10.73,SE
2003-04-09 00:00:00,1.13,125.68,11.059999,SE
2003-04-09 03:00:00,1.0799999,124.82,10.79,SE
2003-04-09 06:00:00,1.04,122.240005,10.429999,SE
2003-04-09 09:00:00,1.15,120.05,10.76,SE
2003-04-09 12:00:00,1.0699999,118.12,10.25,SE
2003-04-09 15:00:00,1.06,117.05,10.139999,SE
2003-04-09 18:00:00,1.0699999,118.05,10.139999,SE
2003-04-09 21:00:00,1.0799999,120.08,10.139999,SE
2003-04-10 00:00:00,1.1,123.55,10.26,SE
2003-04-10 03:00:00,1.15,128.05,10.44,SE
2003-04-10 06:00:00,1.22,132.08,10.55,SE
2003-04-10 09:00:00,1.29,134.65,10.49,SE
2003-04-10 12:00:00,1.35,135.67,10.34,SE
2003-04-10 15:00:00,1.37,135.65,10.179999,SE
2003-04-10 18:00:00,1.37,135.13,10.11,SE
2003-04-10 21:00:00,1.49,134.37,10.53,SE
2003-04-11 00:00:00,1.42,134.75,10.44,SE
2003-04-11 03:00:00,1.37,134.58,10.29,SE
2003-04-11 06:00:00,1.3299999,133.72,10.17,SE
2003-04-11 09:00:00,1.29,132.52,10.059999,SE
2003-04-11 12:00:00,1.27,131.49,9.969999,SE
2003-04-11 15:00:00,1.25,130.6,9.92,SE
2003-04-11 18:00:00,1.24,129.23,9.83,SE
2003-04-11 21:00:00,1.23,127.72,9.71,SE
2003-04-12 00:00:00,1.22,126.62,9.65,SE
2003-04-12 03:00:00,1.22,126.19,9.58,SE
2003-04-12 06:00:00,1.23,126.12,9.48,SE
2003-04-12 09:00:00,1.27,125.979996,9.429999,SE
2003-04-12 12:00:00,1.27,125.26,9.28,SE
2003-04-12 15:00:00,1.26,124.79,9.24,SE
2003-04-12 18:00:00,1.24,124.9,9.22,SE
2003-04-12 21:00:00,1.22,125.22,9.09,SE
2003-04-13 00:00:00,1.1899999,124.65,8.9,SE
2003-04-13 03:00:00,1.15,123.490005,8.72,SE
2003-04-13 06:00:00,1.12,122.42,8.58,SE
2003-04-13 09:00:00,1.11,121.22,8.48,SE
2003-04-13 12:00:00,1.11,120.12,8.389999,SE
2003-04-13 15:00:00,1.09,119.12,8.36,SE
2003-04-13 18:00:00,1.06,117.130005,8.37,SE
2003-04-13 21:00:00,1.0799999,112.76,8.5,SE
2003-04-14 00:00:00,1.11,104.36,8.47,E
2003-04-14 03:00:00,1.14,95.15,8.37,E
2003-04-14 06:00:00,1.14,89.79,7.87,E
2003-04-14 09:00:00,1.12,90.770004,7.41,E
2003-04-14 12:00:00,1.1,92.46,7.31,E
2003-04-14 15:00:00,1.06,94.17,7.47,E
2003-04-14 18:00:00,1.05,95.86,9.76,E
2003-04-14 21:00:00,1.02,97.8,9.809999,E
2003-04-15 00:00:00,1.04,100.89,9.83,E
2003-04-15 03:00:00,1.16,103.26,10.17,E
2003-04-15 06:00:00,1.2099999,104.630005,10.29,E
2003-04-15 09:00:00,1.25,104.5,10.469999,E
2003-04-15 12:00:00,1.3299999,103.990005,10.82,E
2003-04-15 15:00:00,1.38,103.8,11.08,E
2003-04-15 18:00:00,1.42,103.69,11.34,E
2003-04-15 21:00:00,1.4599999,103.93,11.82,E
2003-04-16 00:00:00,1.64,110.28,12.309999,E
2003-04-16 03:00:00,1.91,121.44,12.55,SE
2003-04-16 06:00:00,2.24,132.11,12.759999,SE
2003-04-16 09:00:00,2.56,137.65,10.599999,SE
2003-04-16 12:00:00,2.72,137.06,10.99,SE
2003-04-16 15:00:00,2.71,135.72,11.15,SE
2003-04-16 18:00:00,2.6599998,135.32,10.76,SE
2003-04-16 21:00:00,2.54,133.65,10.96,SE
2003-04-17 00:00:00,2.46,132.53,10.95,SE
2003-04-17 03:00:00,2.4299998,131.71,10.9,SE
2003-04-17 06:00:00,2.47,133.56,10.969999,SE
2003-04-17 09:00:00,2.54,135.03,11.74,SE
2003-04-17 12:00:00,2.57,134.36,13.599999,SE
2003-04-17 15:00:00,2.57,133.77,13.82,SE
2003-04-17 18:00:00,2.6799998,130.96,14.16,SE
2003-04-17 21:00:00,2.57,129.77,13.79,SE
2003-04-18 00:00:00,2.4199998,129.21,13.639999,SE
2003-04-18 03:00:00,2.4099998,130.39,13.57,SE
2003-04-18 06:00:00,2.4099998,132.6,13.34,SE
2003-04-18 09:00:00,2.3999999,136.63,13.07,SE
2003-04-18 12:00:00,2.36,139.63,12.799999,SE
2003-04-18 15:00:00,2.44,142.19,13.0199995,SE
2003-04-18 18:00:00,2.4299998,143.66,13.059999,SE
2003-04-18 21:00:00,2.44,145.31,13.12,SE
2003-04-19 00:00:00,2.34,145.61,12.95,SE
2003-04-19 03:00:00,2.33,147.39,12.87,SE
2003-04-19 06:00:00,2.3799999,151.18,12.71,SE
2003-04-19 09:00:00,2.3999999,153.84,12.2,SE
2003-04-19 12:00:00,2.33,154.56,11.84,SE
2003-04-19 15:00:00,2.25,154.28,11.599999,SE
2003-04-19 18:00:00,2.1699998,152.78,11.389999,SE
2003-04-19 21:00:00,2.09,151.16,11.11,SE
2003-04-20 00:00:00,2.07,149.59,10.95,SE
2003-04-20 03:00:00,2.09,149.2,10.8,SE
2003-04-20 06:00:00,2.08,150.14,10.69,SE
2003-04-20 09:00:00,2.06,149.37,7.89,SE
2003-04-20 12:00:00,1.99,147.8,10.36,SE
2003-04-20 15:00:00,2.0,147.59,10.19,SE
2003-04-20 18:00:00,2.0,147.44,7.5299997,SE
2003-04-20 21:00:00,2.0,146.52,7.1099997,SE
2003-04-21 00:00:00,1.93,144.64,8.5,SE
2003-04-21 03:00:00,1.92,144.31,9.45,SE
2003-04-21 06:00:00,1.93,144.66,9.719999,SE
2003-04-21 09:00:00,1.92,145.18,9.7,SE
2003-04-21 12:00:00,1.9499999,145.13,7.33,SE
2003-04-21 15:00:00,1.92,143.16,7.25,SE
2003-04-21 18:00:00,1.87,142.25,9.76,SE
2003-04-21 21:00:00,1.87,143.45999,9.7,SE
2003-04-22 00:00:00,1.8199999,141.48,7.29,SE
2003-04-22 03:00:00,1.7099999,138.31,8.75,SE
2003-04-22 06:00:00,1.66,137.15,8.65,SE
2003-04-22 09:00:00,1.63,137.34,8.429999,SE
2003-04-22 12:00:00,1.56,136.78,7.0099998,SE
2003-04-22 15:00:00,1.49,134.89,7.0,SE
2003-04-22 18:00:00,1.4399999,134.22,6.99,SE
2003-04-22 21:00:00,1.42,136.09,6.93,SE
2003-04-23 00:00:00,1.41,137.73,6.75,SE
2003-04-23 03:00:00,1.35,136.23,6.64,SE
2003-04-23 06:00:00,1.3299999,137.4,6.5899997,SE
2003-04-23 09:00:00,1.3199999,140.51001,6.17,SE
2003-04-23 12:00:00,1.3,141.59,6.1,SE
2003-04-23 15:00:00,1.3399999,145.33,6.02,SE
2003-04-23 18:00:00,1.4,148.73,5.8399997,SE
2003-04-23 21:00:00,1.35,144.48,5.96,SE
2003-04-24 00:00:00,1.36,142.76001,5.91,SE
2003-04-24 03:00:00,1.37,137.98,5.93,SE
2003-04-24 06:00:00,1.35,133.45,5.96,SE
2003-04-24 09:00:00,1.3,130.75,6.0,SE
2003-04-24 12:00:00,1.4,134.42,5.89,SE
2003-04-24 15:00:00,1.61,135.33,6.1299996,SE
2003-04-24 18:00:00,1.75,134.18,6.44,SE
2003-04-24 21:00:00,1.74,132.99,6.71,SE
2003-04-25 00:00:00,1.88,130.85,7.1499996,SE
2003-04-25 03:00:00,1.86,126.54,7.33,SE
2003-04-25 06:00:00,1.9,123.7,7.5,SE
2003-04-25 09:00:00,1.89,118.55,7.5099998,SE
2003-04-25 12:00:00,1.91,112.72,7.58,SE
2003-04-25 15:00:00,1.9799999,106.86,7.6099997,E
2003-04-25 18:00:00,2.1399999,101.91,7.8399997,E
2003-04-25 21:00:00,2.32,99.44,8.08,E
2003-04-26 00:00:00,2.4099998,96.96,8.24,E
2003-04-26 03:00:00,2.3899999,93.14,8.53,E
2003-04-26 06:00:00,2.36,90.32,8.86,E
2003-04-26 09:00:00,2.48,88.91,9.09,E
2003-04-26 12:00:00,2.3999999,87.520004,9.01,E
2003-04-26 15:00:00,2.29,86.33,8.96,E
2003-04-26 18:00:00,2.18,85.65,8.94,E
2003-04-26 21:00:00,2.1,85.48,8.9,E
2003-04-27 00:00:00,2.03,85.130005,8.84,E
2003-04-27 03:00:00,1.9699999,84.240005,8.8,E
2003-04-27 06:00:00,1.92,83.170006,8.7699995,E
2003-04-27 09:00:00,1.86,82.65,8.73,E
2003-04-27 12:00:00,1.8,82.57,8.61,E
2003-04-27 15:00:00,1.9699999,82.87,9.0,E
2003-04-27 18:00:00,1.93,83.96,9.04,E
2003-04-27 21:00:00,1.86,85.08,8.97,E
2003-04-28 00:00:00,1.8399999,86.44,9.0199995,E
2003-04-28 03:00:00,1.8399999,86.51,9.12,E
2003-04-28 06:00:00,1.7099999,87.1,8.95,E
2003-04-28 09:00:00,1.62,87.170006,8.83,E
2003-04-28 12:00:00,1.55,87.1,8.78,E
2003-04-28 15:00:00,1.4699999,87.11,8.66,E
2003-04-28 18:00:00,1.41,87.020004,8.58,E
2003-04-28 21:00:00,1.36,86.83,8.55,E
2003-04-29 00:00:00,1.3199999,86.93,8.54,E
2003-04-29 03:00:00,1.29,87.6,8.5199995,E
2003-04-29 06:00:00,1.26,88.310005,8.429999,E
2003-04-29 09:00:00,1.3299999,88.97,8.69,E
2003-04-29 12:00:00,1.31,90.240005,8.73,E
2003-04-29 15:00:00,1.23,91.9,8.51,E
2003-04-29 18:00:00,1.16,93.71,8.34,E
2003-04-29 21:00:00,1.11,96.08,8.23,E
2003-04-30 00:00:00,1.09,99.72,8.17,E
2003-04-30 03:00:00,1.11,107.3,8.12,E
2003-04-30 06:00:00,1.22,120.020004,7.95,SE
2003-04-30 09:00:00,1.3199999,129.08,6.33,SE
2003-04-30 12:00:00,1.3299999,132.71,6.5299997,SE
2003-04-30 15:00:00,1.35,134.29001,6.7599998,SE
2003-04-30 18:00:00,1.3399999,134.28,7.3799996,SE
2003-04-30 21:00:00,1.4699999,133.62,7.96,SE
2003-05-01 00:00:00,1.42,132.84,8.08,SE
2003-05-01 03:00:00,1.31,130.38,8.16,SE
2003-05-01 06:00:00,1.31,129.89,8.15,SE
2003-05-01 09:00:00,1.3299999,129.65,8.059999,SE
2003-05-01 12:00:00,1.3,127.990005,7.87,SE
2003-05-01 15:00:00,1.25,125.56,7.7599998,SE
2003-05-01 18:00:00,1.2099999,124.62,7.73,SE
2003-05-01 21:00:00,1.23,127.64,7.74,SE
2003-05-02 00:00:00,1.24,130.58,7.69,SE
2003-05-02 03:00:00,1.25,130.24,6.73,SE
2003-05-02 06:00:00,1.3,131.17,6.42,SE
2003-05-02 09:00:00,1.39,132.63,6.0899997,SE
2003-05-02 12:00:00,1.49,135.62,6.1099997,SE
2003-05-02 15:00:00,1.5699999,135.93,6.23,SE
2003-05-02 18:00:00,1.63,133.98,6.3399997,SE
2003-05-02 21:00:00,1.61,130.1,6.48,SE
2003-05-03 00:00:00,1.54,125.95,6.6099997,SE
2003-05-03 03:00:00,1.4599999,121.22,6.75,SE
2003-05-03 06:00:00,1.38,118.16,7.3799996,SE
2003-05-03 09:00:00,1.3,117.78,7.6,SE
2003-05-03 12:00:00,1.23,117.62,7.81,SE
2003-05-03 15:00:00,1.1899999,118.43,8.01,SE
2003-05-03 18:00:00,1.16,121.09,8.11,SE
2003-05-03 21:00:00,1.22,127.770004,8.34,SE
2003-05-04 00:00:00,1.4499999,149.32,4.94,SE
2003-05-04 03:00:00,2.12,158.84,6.31,S
2003-05-04 06:00:00,2.78,159.77,8.179999,S
2003-05-04 09:00:00,3.26,158.93,9.83,S
2003-05-04 12:00:00,3.98,156.99,11.719999,SE
2003-05-04 15:00:00,3.77,154.77,12.12,SE
2003-05-04 18:00:00,3.59,153.01,12.809999,SE
2003-05-04 21:00:00,3.47,151.1,12.799999,SE
2003-05-05 00:00:00,3.32,148.22,12.08,SE
2003-05-05 03:00:00,3.48,147.76001,12.389999,SE
2003-05-05 06:00:00,3.47,148.86,11.5,SE
2003-05-05 09:00:00,3.48,148.74,11.11,SE
2003-05-05 12:00:00,3.3,146.0,11.07,SE
2003-05-05 15:00:00,3.11,142.45,11.04,SE
2003-05-05 18:00:00,2.9399998,140.37,11.12,SE
2003-05-05 21:00:00,2.83,139.13,11.17,SE
2003-05-06 00:00:00,2.75,137.70999,11.21,SE
2003-05-06 03:00:00,2.69,136.57,11.33,SE
2003-05-06 06:00:00,2.72,136.75,11.5199995,SE
2003-05-06 09:00:00,2.77,135.95999,11.71,SE
2003-05-06 12:00:00,2.8899999,134.11,11.79,SE
2003-05-06 15:00:00,2.97,132.07,11.7,SE
2003-05-06 18:00:00,2.96,130.18,11.55,SE
2003-05-06 21:00:00,2.9199998,128.72,11.32,SE
2003-05-07 00:00:00,2.8999999,127.84,11.05,SE
2003-05-07 03:00:00,2.83,127.79,10.86,SE
2003-05-07 06:00:00,2.6599998,127.45,10.719999,SE
2003-05-07 09:00:00,2.45,125.97,10.58,SE
2003-05-07 12:00:00,2.32,124.39,10.38,SE
2003-05-07 15:00:00,2.47,122.93,10.87,SE
2003-05-07 18:00:00,2.11,121.240005,10.28,SE
2003-05-07 21:00:00,1.89,121.12,9.9,SE
2003-05-08 00:00:00,1.68,121.19,9.5199995,SE
2003-05-08 03:00:00,1.5799999,120.729996,9.25,SE
2003-05-08 06:00:00,1.49,120.11,9.0199995,SE
2003-05-08 09:00:00,1.41,119.55,8.84,SE
2003-05-08 12:00:00,1.3399999,119.45,8.67,SE
2003-05-08 15:00:00,1.28,119.479996,8.57,SE
2003-05-08 18:00:00,1.22,119.43,8.62,SE
2003-05-08 21:00:00,1.16,119.630005,8.78,SE
2003-05-09 00:00:00,1.11,119.66,8.92,SE
2003-05-09 03:00:00,1.06,119.16,8.96,SE
2003-05-09 06:00:00,1.02,118.59,8.929999,SE
2003-05-09 09:00:00,0.96999997,117.69,8.9,SE
2003-05-09 12:00:00,0.93,116.33,8.97,SE
2003-05-09 15:00:00,0.9,115.04,9.11,SE
2003-05-09 18:00:00,0.87,113.86,9.74,SE
2003-05-09 21:00:00,0.84,112.950005,10.099999,SE
2003-05-10 00:00:00,0.81,112.05,10.5,E
2003-05-10 03:00:00,0.78999996,111.310005,10.67,E
2003-05-10 06:00:00,0.77,110.35,10.76,E
2003-05-10 09:00:00,0.75,109.5,10.82,E
2003-05-10 12:00:00,0.72999996,108.630005,10.84,E
2003-05-10 15:00:00,0.71999997,108.840004,10.98,E
2003-05-10 18:00:00,0.71,109.55,11.639999,E
2003-05-10 21:00:00,0.7,109.87,11.759999,E
2003-05-11 00:00:00,0.71,111.3,11.54,E
2003-05-11 03:00:00,0.79999995,120.2,11.05,SE
2003-05-11 06:00:00,0.87,126.14,10.849999,SE
2003-05-11 09:00:00,0.94,132.6,10.59,SE
2003-05-11 12:00:00,0.96999997,136.9,10.23,SE
2003-05-11 15:00:00,1.02,141.13,9.969999,SE
2003-05-11 18:00:00,1.0799999,146.58,9.91,SE
2003-05-11 21:00:00,1.13,151.92,10.01,SE
2003-05-12 00:00:00,1.1,150.84,10.01,SE
2003-05-12 03:00:00,1.06,147.01001,9.95,SE
2003-05-12 06:00:00,1.0699999,144.49,9.809999,SE
2003-05-12 09:00:00,1.0799999,143.18,12.36,SE
2003-05-12 12:00:00,1.12,142.45999,14.2,SE
2003-05-12 15:00:00,1.12,140.8,13.94,SE
2003-05-12 18:00:00,1.12,138.44,13.599999,SE
2003-05-12 21:00:00,1.11,135.89,13.32,SE
2003-05-13 00:00:00,1.09,133.24,13.08,SE
2003-05-13 03:00:00,1.11,131.24,8.49,SE
2003-05-13 06:00:00,1.14,130.4,8.58,SE
2003-05-13 09:00:00,1.37,129.4,8.82,SE
2003-05-13 12:00:00,1.25,126.45,6.99,SE
2003-05-13 15:00:00,1.24,123.89,6.99,SE
2003-05-13 18:00:00,1.26,120.97,7.04,SE
2003-05-13 21:00:00,1.3199999,118.630005,7.8399997,SE
2003-05-14 00:00:00,1.9399999,115.91,9.44,SE
2003-05-14 03:00:00,1.74,111.48,8.96,E
2003-05-14 06:00:00,1.6899999,108.4,8.78,E
2003-05-14 09:00:00,1.6899999,106.65,8.73,E
2003-05-14 12:00:00,1.77,105.18,8.88,E
2003-05-14 15:00:00,1.8199999,103.8,8.889999,E
2003-05-14 18:00:00,1.9399999,101.520004,8.929999,E
2003-05-14 21:00:00,2.36,98.950005,9.67,E
2003-05-15 00:00:00,2.55,96.590004,9.8,E
2003-05-15 03:00:00,2.58,96.270004,9.7699995,E
2003-05-15 06:00:00,2.76,94.07,9.79,E
2003-05-15 09:00:00,2.98,91.64,9.66,E
2003-05-15 12:00:00,2.95,94.47,9.679999,E
2003-05-15 15:00:00,2.76,97.89,9.84,E
2003-05-15 18:00:00,2.56,101.58,9.92,E
2003-05-15 21:00:00,2.33,103.950005,9.92,E
2003-05-16 00:00:00,2.1499999,104.23,9.86,E
2003-05-16 03:00:00,2.04,104.130005,9.7699995,E
2003-05-16 06:00:00,1.9499999,103.12,9.7,E
2003-05-16 09:00:00,1.93,102.04,9.8,E
2003-05-16 12:00:00,1.87,98.93,9.889999,E
2003-05-16 15:00:00,1.81,97.200005,9.929999,E
2003-05-16 18:00:00,1.73,98.64,9.9,E
2003-05-16 21:00:00,1.65,100.770004,9.9,E
2003-05-17 00:00:00,1.5999999,102.15,9.929999,E
2003-05-17 03:00:00,1.5799999,103.18,9.98,E
2003-05-17 06:00:00,1.61,103.55,10.099999,E
2003-05-17 09:00:00,1.67,103.450005,10.429999,E
2003-05-17 12:00:00,1.64,103.270004,10.599999,E
2003-05-17 15:00:00,1.7099999,103.05,11.05,E
2003-05-17 18:00:00,1.78,101.94,11.5199995,E
2003-05-17 21:00:00,1.8399999,101.380005,11.7699995,E
2003-05-18 00:00:00,1.8499999,102.12,11.73,E
2003-05-18 03:00:00,1.8399999,102.18,11.69,E
2003-05-18 06:00:00,1.8399999,101.54,11.67,E
2003-05-18 09:00:00,1.8,101.4,11.599999,E
2003-05-18 12:00:00,1.75,100.62,11.48,E
2003-05-18 15:00:00,1.7099999,99.490005,11.349999,E
2003-05-18 18:00:00,1.65,98.69,11.28,E
2003-05-18 21:00:00,1.5899999,98.64,11.25,E
2003-05-19 00:00:00,1.54,98.880005,11.19,E
2003-05-19 03:00:00,1.52,97.66,11.09,E
2003-05-19 06:00:00,1.54,92.98,11.0199995,E
2003-05-19 09:00:00,1.5999999,84.920006,11.0,E
2003-05-19 12:00:00,1.62,78.98,10.98,E
2003-05-19 15:00:00,1.63,73.41,11.0,E
2003-05-19 18:00:00,1.65,67.700005,11.099999,E
2003-05-19 21:00:00,1.68,60.79,11.24,NE
2003-05-20 00:00:00,1.6999999,56.760002,11.38,NE
2003-05-20 03:00:00,1.66,58.310005,11.49,NE
2003-05-20 06:00:00,1.62,61.660004,11.62,NE
2003-05-20 09:00:00,1.5699999,66.32,11.78,NE
2003-05-20 12:00:00,1.62,70.87,12.389999,E
2003-05-20 15:00:00,1.56,74.810005,12.69,E
2003-05-20 18:00:00,1.54,79.3,12.86,E
2003-05-20 21:00:00,1.4699999,83.75,12.73,E
2003-05-21 00:00:00,1.48,86.94,12.84,E
2003-05-21 03:00:00,1.41,88.39,12.809999,E
2003-05-21 06:00:00,1.37,89.310005,12.74,E
2003-05-21 09:00:00,1.3199999,90.490005,12.389999,E
2003-05-21 12:00:00,1.27,92.01,12.099999,E
2003-05-21 15:00:00,1.24,93.950005,11.889999,E
2003-05-21 18:00:00,1.2099999,95.770004,11.71,E
2003-05-21 21:00:00,1.18,96.82,11.559999,E
2003-05-22 00:00:00,1.13,97.39,11.32,E
2003-05-22 03:00:00,1.09,98.37,11.139999,E
2003-05-22 06:00:00,1.06,100.08,11.05,E
2003-05-22 09:00:00,1.03,102.54,10.98,E
2003-05-22 12:00:00,1.03,105.39,10.929999,E
2003-05-22 15:00:00,1.03,107.950005,10.86,E
2003-05-22 18:00:00,1.02,110.24,10.76,E
2003-05-22 21:00:00,1.01,112.3,10.66,E
2003-05-23 00:00:00,1.01,113.51,10.55,SE
2003-05-23 03:00:00,0.98999995,113.44,10.46,SE
2003-05-23 06:00:00,0.96999997,113.48,10.429999,SE
2003-05-23 09:00:00,0.96,113.28,10.41,SE
2003-05-23 12:00:00,1.38,113.72,12.59,SE
2003-05-23 15:00:00,1.13,114.65,11.41,SE
2003-05-23 18:00:00,1.0699999,115.79,11.09,SE
2003-05-23 21:00:00,1.03,115.43,10.929999,SE
2003-05-24 00:00:00,1.0,114.23,10.929999,SE
2003-05-24 03:00:00,0.98999995,113.51,11.03,SE
2003-05-24 06:00:00,0.96999997,113.57,11.01,SE
2003-05-24 09:00:00,0.95,114.16,10.95,SE
2003-05-24 12:00:00,0.94,115.36,10.84,SE
2003-05-24 15:00:00,0.94,116.75,10.82,SE
2003-05-24 18:00:00,0.94,117.96001,10.809999,SE
2003-05-24 21:00:00,0.90999997,118.51,10.599999,SE
2003-05-25 00:00:00,0.94,123.31,10.66,SE
2003-05-25 03:00:00,0.95,122.46001,10.599999,SE
2003-05-25 06:00:00,0.94,121.100006,10.51,SE
2003-05-25 09:00:00,0.93,120.11,10.33,SE
2003-05-25 12:00:00,0.91999996,119.08,10.16,SE
2003-05-25 15:00:00,0.9,118.57,10.04,SE
2003-05-25 18:00:00,0.87,118.26,9.929999,SE
2003-05-25 21:00:00,0.84999996,118.64,9.83,SE
2003-05-26 00:00:00,0.84,119.17,9.79,SE
2003-05-26 03:00:00,0.83,119.62,9.82,SE
2003-05-26 06:00:00,0.83,119.740005,9.9,SE
2003-05-26 09:00:00,0.84,119.67,10.01,SE
2003-05-26 12:00:00,0.87,119.7,10.21,SE
2003-05-26 15:00:00,0.95,124.43,10.4,SE
2003-05-26 18:00:00,1.04,133.84,10.37,SE
2003-05-26 21:00:00,1.14,142.79001,10.19,SE
2003-05-27 00:00:00,1.14,144.17,9.92,SE
2003-05-27 03:00:00,1.0799999,138.45999,9.679999,SE
2003-05-27 06:00:00,1.0799999,135.95,9.37,SE
2003-05-27 09:00:00,1.25,141.41,9.38,SE
2003-05-27 12:00:00,1.36,145.52,9.179999,SE
2003-05-27 15:00:00,1.41,143.2,9.059999,SE
2003-05-27 18:00:00,1.67,138.97,9.34,SE
2003-05-27 21:00:00,2.0,137.1,9.4,SE
2003-05-28 00:00:00,2.28,135.78,9.51,SE
2003-05-28 03:00:00,2.3899999,131.88,9.48,SE
2003-05-28 06:00:00,2.44,129.0,9.2699995,SE
2003-05-28 09:00:00,2.53,127.18,9.179999,SE
2003-05-28 12:00:00,2.57,124.47,9.099999,SE
2003-05-28 15:00:00,2.53,120.01,9.04,SE
2003-05-28 18:00:00,2.49,116.36,9.03,SE
2003-05-28 21:00:00,2.45,114.29,9.0199995,SE
2003-05-29 00:00:00,2.3999999,113.55,8.99,SE
2003-05-29 03:00:00,2.35,112.76,8.95,SE
2003-05-29 06:00:00,2.34,111.560005,8.95,E
2003-05-29 09:00:00,2.33,109.630005,8.99,E
2003-05-29 12:00:00,2.34,108.54,9.04,E
2003-05-29 15:00:00,2.34,107.36,9.0199995,E
2003-05-29 18:00:00,2.27,105.8,8.99,E
2003-05-29 21:00:00,2.1499999,104.86,8.98,E
2003-05-30 00:00:00,1.9699999,103.9,8.849999,E
2003-05-30 03:00:00,1.93,102.41,8.929999,E
2003-05-30 06:00:00,1.88,101.17,8.94,E
2003-05-30 09:00:00,1.78,100.26,8.82,E
2003-05-30 12:00:00,1.93,98.65,9.139999,E
2003-05-30 15:00:00,1.81,96.82,8.74,E
2003-05-30 18:00:00,1.79,94.770004,8.53,E
2003-05-30 21:00:00,1.79,92.35,8.53,E
2003-05-31 00:00:00,1.8199999,89.86,8.599999,E
2003-05-31 03:00:00,1.81,87.16,8.7,E
2003-05-31 06:00:00,1.76,85.37,8.889999,E
2003-05-31 09:00:00,1.7199999,83.32,9.12,E
2003-05-31 12:00:00,1.67,81.41,9.309999,E
2003-05-31 15:00:00,1.63,80.69,9.36,E
2003-05-31 18:00:00,1.5799999,80.090004,9.349999,E
2003-05-31 21:00:00,1.54,79.420006,9.2699995,E
2003-06-01 00:00:00,1.51,78.78,9.22,E
2003-06-01 03:00:00,1.4599999,80.79,9.13,E
2003-06-01 06:00:00,1.41,77.41,9.09,E
2003-06-01 09:00:00,1.38,75.5,9.04,E
2003-06-01 12:00:00,1.35,74.39,8.99,E
2003-06-01 15:00:00,1.3199999,73.520004,8.96,E
2003-06-01 18:00:00,1.28,72.86,8.929999,E
2003-06-01 21:00:00,1.24,72.16,8.849999,E
2003-06-02 00:00:00,1.1999999,70.96,8.7699995,E
2003-06-02 03:00:00,1.1899999,68.270004,8.66,E
2003-06-02 06:00:00,1.17,65.39,8.53,NE
2003-06-02 09:00:00,1.13,64.44,8.429999,NE
2003-06-02 12:00:00,1.13,63.440002,8.54,NE
2003-06-02 15:00:00,1.11,61.910004,8.559999,NE
2003-06-02 18:00:00,1.0699999,59.880005,8.44,NE
2003-06-02 21:00:00,1.02,58.810005,8.38,NE
2003-06-03 00:00:00,0.96,60.83,8.34,NE
2003-06-03 03:00:00,0.9,64.880005,8.33,NE
2003-06-03 06:00:00,0.87,68.340004,8.32,E
2003-06-03 09:00:00,0.85999995,70.87,8.32,E
2003-06-03 12:00:00,0.84,72.96,8.28,E
2003-06-03 15:00:00,0.84,74.58,8.23,E
2003-06-03 18:00:00,0.83,72.600006,8.09,E
2003-06-03 21:00:00,0.88,68.66,8.179999,E
2003-06-04 00:00:00,0.81,67.590004,7.94,E
2003-06-04 03:00:00,0.78,71.12,8.94,E
2003-06-04 06:00:00,0.76,74.880005,9.03,E
2003-06-04 09:00:00,0.74,78.270004,8.37,E
2003-06-04 12:00:00,0.71999997,80.62,8.29,E
2003-06-04 15:00:00,0.71999997,79.740005,8.22,E
2003-06-04 18:00:00,0.71,78.35,8.099999,E
2003-06-04 21:00:00,0.71,77.060005,7.97,E
2003-06-05 00:00:00,0.69,75.54,7.87,E
2003-06-05 03:00:00,0.68,74.840004,7.81,E
2003-06-05 06:00:00,0.65999997,74.69,7.75,E
2003-06-05 09:00:00,0.64,74.450005,7.75,E
2003-06-05 12:00:00,0.64,74.12,7.8399997,E
2003-06-05 15:00:00,0.64,76.33,7.99,E
2003-06-05 18:00:00,0.62,77.630005,8.03,E
2003-06-05 21:00:00,0.59,77.82,8.01,E
2003-06-06 00:00:00,0.58,77.96,7.8999996,E
2003-06-06 03:00:00,0.56,78.32,7.7999997,E
2003-06-06 06:00:00,0.62,79.85,8.3,E
2003-06-06 09:00:00,0.58,76.520004,8.139999,E
2003-06-06 12:00:00,0.59,78.83,8.5,E
2003-06-06 15:00:00,0.63,81.37,8.82,E
2003-06-06 18:00:00,0.63,81.6,8.679999,E
2003-06-06 21:00:00,0.62,81.810005,8.41,E
2003-06-07 00:00:00,0.61,81.21,8.32,E
2003-06-07 03:00:00,0.64,73.560005,8.179999,E
2003-06-07 06:00:00,0.65,64.97,8.03,NE
2003-06-07 09:00:00,0.63,67.4,7.93,NE
2003-06-07 12:00:00,0.68,102.71,8.03,E
2003-06-07 15:00:00,0.78999996,167.25,6.5,S
2003-06-07 18:00:00,1.0699999,180.84,4.22,S
2003-06-07 21:00:00,1.38,170.24,5.4,S
2003-06-08 00:00:00,1.51,163.02,6.12,S
2003-06-08 03:00:00,1.54,158.87,6.41,S
2003-06-08 06:00:00,1.5,156.3,6.6,SE
2003-06-08 09:00:00,1.4699999,155.05,6.67,SE
2003-06-08 12:00:00,1.73,153.49,7.33,SE
2003-06-08 15:00:00,1.6999999,152.23,8.23,SE
2003-06-08 18:00:00,1.76,154.01,8.34,SE
2003-06-08 21:00:00,1.8499999,156.45,8.26,SE
2003-06-09 00:00:00,1.9399999,156.26,8.25,SE
2003-06-09 03:00:00,1.9399999,154.79001,6.99,SE
2003-06-09 06:00:00,1.8499999,153.19,6.7999997,SE
2003-06-09 09:00:00,1.8,152.58,6.5299997,SE
2003-06-09 12:00:00,1.8,151.75,6.45,SE
2003-06-09 15:00:00,1.78,149.74,6.5099998,SE
2003-06-09 18:00:00,1.73,145.18,6.6499996,SE
2003-06-09 21:00:00,1.6899999,139.6,6.7599998,SE
2003-06-10 00:00:00,1.62,134.86,6.8399997,SE
2003-06-10 03:00:00,1.56,131.32,7.43,SE
2003-06-10 06:00:00,1.48,129.05,7.52,SE
2003-06-10 09:00:00,1.42,129.69,7.5299997,SE
2003-06-10 12:00:00,1.39,129.58,7.46,SE
2003-06-10 15:00:00,1.37,125.75,7.3399997,SE
2003-06-10 18:00:00,1.37,121.69,7.2999997,SE
2003-06-10 21:00:00,1.38,118.770004,7.39,SE
2003-06-11 00:00:00,1.37,115.16,7.5499997,SE
2003-06-11 03:00:00,1.37,112.29,7.7,E
2003-06-11 06:00:00,1.35,111.08,7.81,E
2003-06-11 09:00:00,1.3299999,110.29,7.85,E
2003-06-11 12:00:00,1.43,109.8,8.19,E
2003-06-11 15:00:00,1.3299999,109.8,8.01,E
2003-06-11 18:00:00,1.3299999,109.39,8.13,E
2003-06-11 21:00:00,1.3199999,108.42,8.139999,E
2003-06-12 00:00:00,1.3199999,107.05,8.03,E
2003-06-12 03:00:00,1.3299999,106.17,7.8599997,E
2003-06-12 06:00:00,1.31,105.46,7.75,E
2003-06-12 09:00:00,1.29,105.3,7.71,E
2003-06-12 12:00:00,1.27,104.8,7.69,E
2003-06-12 15:00:00,1.24,104.3,7.68,E
2003-06-12 18:00:00,1.1999999,103.380005,7.6299996,E
2003-06-12 21:00:00,1.17,102.07,7.56,E
2003-06-13 00:00:00,1.14,100.93,7.49,E
2003-06-13 03:00:00,1.12,99.5,7.44,E
2003-06-13 06:00:00,1.1,97.69,7.3999996,E
2003-06-13 09:00:00,1.0799999,95.270004,7.3399997,E
2003-06-13 12:00:00,1.0699999,92.64,7.35,E
2003-06-13 15:00:00,1.06,89.57,7.39,E
2003-06-13 18:00:00,1.01,87.93,7.37,E
2003-06-13 21:00:00,0.95,85.83,7.2999997,E
2003-06-14 00:00:00,0.9,82.76,7.2799997,E
2003-06-14 03:00:00,0.87,79.810005,7.2999997,E
2003-06-14 06:00:00,0.84999996,76.96,7.33,E
2003-06-14 09:00:00,0.88,72.97,7.3999996,E
2003-06-14 12:00:00,0.89,78.08,7.5099998,E
2003-06-14 15:00:00,0.90999997,103.520004,7.6099997,E
2003-06-14 18:00:00,0.95,121.94,7.68,SE
2003-06-14 21:00:00,1.03,135.95999,6.39,SE
2003-06-15 00:00:00,1.17,139.2,6.8199997,SE
2003-06-15 03:00:00,1.24,134.85,8.15,SE
2003-06-15 06:00:00,1.27,133.59,9.0,SE
2003-06-15 09:00:00,1.31,134.71,10.79,SE
2003-06-15 12:00:00,1.3399999,135.44,11.059999,SE
2003-06-15 15:00:00,1.36,135.41,11.309999,SE
2003-06-15 18:00:00,1.35,134.24,11.4,SE
2003-06-15 21:00:00,1.31,132.45,11.33,SE
2003-06-16 00:00:00,1.28,130.69,11.24,SE
2003-06-16 03:00:00,1.25,129.48,11.559999,SE
2003-06-16 06:00:00,1.2099999,128.73,12.099999,SE
2003-06-16 09:00:00,1.1999999,127.7,12.29,SE
2003-06-16 12:00:00,1.51,128.04001,13.719999,SE
2003-06-16 15:00:00,1.28,128.65,12.799999,SE
2003-06-16 18:00:00,1.24,130.62,12.73,SE
2003-06-16 21:00:00,1.23,132.88,12.92,SE
2003-06-17 00:00:00,1.2099999,133.91,12.84,SE
2003-06-17 03:00:00,1.18,134.08,12.48,SE
2003-06-17 06:00:00,1.16,134.9,12.32,SE
2003-06-17 09:00:00,1.18,137.42,12.33,SE
2003-06-17 12:00:00,1.26,142.16,12.32,SE
2003-06-17 15:00:00,1.35,146.17,12.12,SE
2003-06-17 18:00:00,1.51,151.14,11.83,SE
2003-06-17 21:00:00,1.6999999,154.06,11.62,SE
2003-06-18 00:00:00,1.86,153.96,11.75,SE
2003-06-18 03:00:00,1.74,151.92,11.429999,SE
2003-06-18 06:00:00,1.65,148.53,11.429999,SE
2003-06-18 09:00:00,1.5799999,146.48,11.389999,SE
2003-06-18 12:00:00,1.54,144.75,11.23,SE
2003-06-18 15:00:00,1.4699999,142.57,10.96,SE
2003-06-18 18:00:00,1.41,140.85,10.79,SE
2003-06-18 21:00:00,1.37,140.02,10.66,SE
2003-06-19 00:00:00,1.3199999,139.18,10.55,SE
2003-06-19 03:00:00,1.25,137.84,10.309999,SE
2003-06-19 06:00:00,1.18,136.35,10.01,SE
2003-06-19 09:00:00,1.12,135.28,9.8,SE
2003-06-19 12:00:00,0.96999997,134.58,9.0,SE
2003-06-19 15:00:00,0.91999996,133.56,8.59,SE
2003-06-19 18:00:00,0.88,134.08,8.26,SE
2003-06-19 21:00:00,0.87,136.07,11.17,SE
2003-06-20 00:00:00,0.9,138.57,14.21,SE
2003-06-20 03:00:00,0.94,140.15,14.36,SE
2003-06-20 06:00:00,0.96999997,140.3,14.19,SE
2003-06-20 09:00:00,0.98999995,140.15,13.98,SE
2003-06-20 12:00:00,1.0,140.44,14.049999,SE
2003-06-20 15:00:00,1.02,140.20999,14.2699995,SE
2003-06-20 18:00:00,1.04,136.7,14.309999,SE
2003-06-20 21:00:00,1.05,132.84,14.23,SE
2003-06-21 00:00:00,1.04,132.08,14.2,SE
2003-06-21 03:00:00,1.09,132.71,14.48,SE
2003-06-21 06:00:00,1.02,131.87,14.11,SE
2003-06-21 09:00:00,1.01,136.19,14.009999,SE
2003-06-21 12:00:00,0.98999995,148.42,13.96,SE
2003-06-21 15:00:00,0.95,152.33,14.009999,SE
2003-06-21 18:00:00,0.89,149.87,14.04,SE
2003-06-21 21:00:00,0.85999995,146.89,14.08,SE
2003-06-22 00:00:00,0.84,144.72,14.03,SE
2003-06-22 03:00:00,0.83,142.83,13.7699995,SE
2003-06-22 06:00:00,0.82,140.85,13.599999,SE
2003-06-22 09:00:00,0.82,139.24,13.46,SE
2003-06-22 12:00:00,0.84999996,138.63,13.5199995,SE
2003-06-22 15:00:00,0.88,138.86,13.389999,SE
2003-06-22 18:00:00,0.9,139.02,13.24,SE
2003-06-22 21:00:00,0.91999996,141.02,13.0,SE
2003-06-23 00:00:00,0.96,145.66,12.7699995,SE
2003-06-23 03:00:00,1.0,145.86,12.509999,SE
2003-06-23 06:00:00,0.94,142.63,12.24,SE
2003-06-23 09:00:00,0.89,139.81,11.7699995,SE
2003-06-23 12:00:00,0.84999996,139.03,11.44,SE
2003-06-23 15:00:00,1.03,141.91,12.13,SE
2003-06-23 18:00:00,1.03,146.68,11.19,SE
2003-06-23 21:00:00,1.0799999,146.32,10.679999,SE
2003-06-24 00:00:00,1.11,142.89,7.3799996,SE
2003-06-24 03:00:00,1.03,138.74,6.74,SE
2003-06-24 06:00:00,1.03,136.43,6.8399997,SE
2003-06-24 09:00:00,1.02,134.91,7.49,SE
2003-06-24 12:00:00,1.02,134.49,7.73,SE
2003-06-24 15:00:00,0.98999995,133.66,7.79,SE
2003-06-24 18:00:00,1.01,132.19,10.679999,SE
2003-06-24 21:00:00,1.03,127.09,10.8,SE
2003-06-25 00:00:00,1.0699999,121.33,10.74,SE
2003-06-25 03:00:00,1.12,117.09,7.33,SE
2003-06-25 06:00:00,1.1999999,112.85,7.3199997,SE
2003-06-25 09:00:00,1.31,108.03,5.52,E
2003-06-25 12:00:00,1.4599999,104.57,6.06,E
2003-06-25 15:00:00,1.53,103.17,6.5299997,E
2003-06-25 18:00:00,1.63,101.68,7.24,E
2003-06-25 21:00:00,1.75,102.41,7.75,E
2003-06-26 00:00:00,1.9699999,108.87,8.42,E
2003-06-26 03:00:00,2.81,116.26,10.0,SE
2003-06-26 06:00:00,3.12,121.44,10.23,SE
2003-06-26 09:00:00,3.07,120.33,10.29,SE
2003-06-26 12:00:00,3.52,116.82,11.349999,SE
2003-06-26 15:00:00,3.4099998,115.44,11.509999,SE
2003-06-26 18:00:00,3.32,116.520004,11.719999,SE
2003-06-26 21:00:00,3.12,117.06,11.719999,SE
2003-06-27 00:00:00,2.8799999,117.520004,11.63,SE
2003-06-27 03:00:00,2.69,117.75,11.55,SE
2003-06-27 06:00:00,2.52,118.81,11.38,SE
2003-06-27 09:00:00,2.3899999,119.5,11.25,SE
2003-06-27 12:00:00,2.71,119.71001,12.259999,SE
2003-06-27 15:00:00,2.24,118.229996,11.49,SE
2003-06-27 18:00:00,2.01,116.850006,11.16,SE
2003-06-27 21:00:00,1.8299999,115.35,11.0199995,SE
2003-06-28 00:00:00,1.75,113.24,11.11,SE
2003-06-28 03:00:00,1.64,110.340004,11.08,E
2003-06-28 06:00:00,1.5999999,104.22,11.15,E
2003-06-28 09:00:00,1.5699999,97.310005,11.21,E
2003-06-28 12:00:00,1.54,94.57,11.29,E
2003-06-28 15:00:00,1.4699999,95.5,11.55,E
2003-06-28 18:00:00,1.4499999,96.76,12.71,E
2003-06-28 21:00:00,1.4699999,98.340004,13.099999,E
2003-06-29 00:00:00,1.51,97.630005,13.17,E
2003-06-29 03:00:00,1.5,95.91,12.969999,E
2003-06-29 06:00:00,1.51,93.94,12.809999,E
2003-06-29 09:00:00,1.5,92.130005,12.74,E
2003-06-29 12:00:00,1.48,93.44,12.7699995,E
2003-06-29 15:00:00,1.39,95.76,12.73,E
2003-06-29 18:00:00,1.3199999,97.020004,12.719999,E
2003-06-29 21:00:00,1.25,97.380005,12.7,E
2003-06-30 00:00:00,1.17,97.42,12.33,E
2003-06-30 03:00:00,1.1,98.15,11.98,E
2003-06-30 06:00:00,1.05,99.33,11.75,E
2003-06-30 09:00:00,1.01,101.6,11.429999,E
2003-06-30 12:00:00,1.0,104.740005,11.16,E
2003-06-30 15:00:00,0.98999995,110.35,10.94,E
2003-06-30 18:00:00,0.97999996,117.03,10.83,SE
2003-06-30 21:00:00,0.97999996,123.62,11.05,SE
2003-07-01 00:00:00,1.0,130.04001,12.2699995,SE
2003-07-01 03:00:00,1.09,140.74,13.07,SE
2003-07-01 06:00:00,1.14,139.6,13.09,SE
2003-07-01 09:00:00,1.2099999,140.48,13.049999,SE
2003-07-01 12:00:00,1.28,141.32,12.99,SE
2003-07-01 15:00:00,1.3299999,141.77,12.91,SE
2003-07-01 18:00:00,1.36,141.74,12.79,SE
2003-07-01 21:00:00,1.37,141.27,12.58,SE
2003-07-02 00:00:00,1.35,140.62,12.19,SE
2003-07-02 03:00:00,1.36,139.72,12.0,SE
2003-07-02 06:00:00,1.3399999,139.43,11.69,SE
2003-07-02 09:00:00,1.35,142.57,11.45,SE
2003-07-02 12:00:00,1.35,146.98,11.25,SE
2003-07-02 15:00:00,1.3199999,149.25,11.13,SE
2003-07-02 18:00:00,1.3,152.54001,11.07,SE
2003-07-02 21:00:00,1.3299999,155.31,10.91,SE
2003-07-03 00:00:00,1.4599999,156.56,10.67,SE
2003-07-03 03:00:00,1.6999999,155.4,10.92,SE
2003-07-03 06:00:00,1.79,153.21,10.849999,SE
2003-07-03 09:00:00,1.91,150.16,10.88,SE
2003-07-03 12:00:00,2.48,146.91,12.059999,SE
2003-07-03 15:00:00,3.05,146.06,13.32,SE
2003-07-03 18:00:00,2.49,145.92,11.929999,SE
2003-07-03 21:00:00,2.29,145.19,11.559999,SE
2003-07-04 00:00:00,2.1299999,144.52,11.259999,SE
2003-07-04 03:00:00,2.08,144.2,11.2,SE
2003-07-04 06:00:00,1.99,143.45999,11.01,SE
2003-07-04 09:00:00,1.92,143.61,10.71,SE
2003-07-04 12:00:00,1.9599999,146.0,10.26,SE
2003-07-04 15:00:00,2.09,149.88,9.57,SE
2003-07-04 18:00:00,2.1599998,152.98,8.86,SE
2003-07-04 21:00:00,2.1599998,154.42,8.58,SE
2003-07-05 00:00:00,2.08,152.61,8.47,SE
2003-07-05 03:00:00,1.9499999,149.84,8.389999,SE
2003-07-05 06:00:00,1.92,148.24,8.36,SE
2003-07-05 09:00:00,1.89,147.51001,10.45,SE
2003-07-05 12:00:00,1.8399999,145.81,13.259999,SE
2003-07-05 15:00:00,1.8,143.95999,13.15,SE
2003-07-05 18:00:00,1.76,142.29001,12.98,SE
2003-07-05 21:00:00,1.73,140.97,12.849999,SE
2003-07-06 00:00:00,1.99,139.33,14.07,SE
2003-07-06 03:00:00,1.8399999,139.63,13.84,SE
2003-07-06 06:00:00,1.87,139.32,13.79,SE
2003-07-06 09:00:00,1.8299999,138.06,13.49,SE
2003-07-06 12:00:00,1.8299999,136.36,13.32,SE
2003-07-06 15:00:00,1.63,135.62,12.82,SE
2003-07-06 18:00:00,1.52,134.79001,12.389999,SE
2003-07-06 21:00:00,1.4599999,133.41,12.139999,SE
2003-07-07 00:00:00,1.31,131.65,11.45,SE
2003-07-07 03:00:00,1.24,129.92,11.08,SE
2003-07-07 06:00:00,1.16,128.1,10.7699995,SE
2003-07-07 09:00:00,1.09,126.09,10.51,SE
2003-07-07 12:00:00,1.03,123.86,10.15,SE
2003-07-07 15:00:00,0.96,120.740005,9.82,SE
2003-07-07 18:00:00,0.89,118.43,9.55,SE
2003-07-07 21:00:00,0.84999996,116.600006,9.24,SE
2003-07-08 00:00:00,0.82,114.24,9.11,SE
2003-07-08 03:00:00,0.71999997,111.24,8.57,E
2003-07-08 06:00:00,0.75,114.14,8.92,SE
2003-07-08 09:00:00,0.75,112.71,8.99,SE
2003-07-08 12:00:00,0.74,108.26,8.65,E
2003-07-08 15:00:00,0.75,102.03,8.38,E
2003-07-08 18:00:00,0.72999996,96.0,8.2,E
2003-07-08 21:00:00,0.71999997,90.1,8.07,E
2003-07-09 00:00:00,0.71,84.630005,8.0,E
2003-07-09 03:00:00,0.7,81.060005,7.8999996,E
2003-07-09 06:00:00,0.7,78.89,7.8199997,E
2003-07-09 09:00:00,0.7,77.83,7.75,E
2003-07-09 12:00:00,0.7,77.840004,7.68,E
2003-07-09 15:00:00,0.71999997,82.03,7.5499997,E
2003-07-09 18:00:00,0.75,89.700005,7.49,E
2003-07-09 21:00:00,0.76,94.42,7.46,E
2003-07-10 00:00:00,0.76,96.450005,7.45,E
2003-07-10 03:00:00,0.78,100.28,7.49,E
2003-07-10 06:00:00,0.78999996,102.8,7.5499997,E
2003-07-10 09:00:00,0.81,101.94,7.56,E
2003-07-10 12:00:00,0.84999996,99.73,8.78,E
2003-07-10 15:00:00,0.87,96.93,8.84,E
2003-07-10 18:00:00,0.88,94.9,7.95,E
2003-07-10 21:00:00,0.88,93.78,7.58,E
2003-07-11 00:00:00,0.89,92.810005,7.3999996,E
2003-07-11 03:00:00,0.97999996,90.76,6.7999997,E
2003-07-11 06:00:00,1.02,86.170006,6.3399997,E
2003-07-11 09:00:00,1.06,82.170006,6.43,E
2003-07-11 12:00:00,1.0799999,79.32,6.56,E
2003-07-11 15:00:00,1.0799999,77.560005,6.6499996,E
2003-07-11 18:00:00,1.0699999,75.920006,6.69,E
2003-07-11 21:00:00,1.04,73.91,6.75,E
2003-07-12 00:00:00,1.01,72.32,6.81,E
2003-07-12 03:00:00,0.97999996,71.48,6.92,E
2003-07-12 06:00:00,0.95,71.05,6.97,E
2003-07-12 09:00:00,0.93,70.920006,7.06,E
2003-07-12 12:00:00,0.90999997,70.950005,7.16,E
2003-07-12 15:00:00,0.90999997,70.98,7.24,E
2003-07-12 18:00:00,0.90999997,70.64,7.27,E
2003-07-12 21:00:00,0.90999997,70.060005,7.29,E
2003-07-13 00:00:00,0.96,69.89,7.44,E
2003-07-13 03:00:00,0.96999997,73.51,7.45,E
2003-07-13 06:00:00,1.1,93.990005,7.45,E
2003-07-13 09:00:00,1.4399999,118.37,6.56,SE
2003-07-13 12:00:00,1.42,129.75,5.6299996,SE
2003-07-13 15:00:00,1.51,135.66,5.8399997,SE
2003-07-13 18:00:00,1.63,140.92,6.04,SE
2003-07-13 21:00:00,1.68,141.09,6.14,SE
2003-07-14 00:00:00,1.63,134.86,6.29,SE
2003-07-14 03:00:00,1.62,129.87,6.31,SE
2003-07-14 06:00:00,1.65,129.31,6.2,SE
2003-07-14 09:00:00,1.6999999,128.64,6.2,SE
2003-07-14 12:00:00,1.77,125.229996,6.39,SE
2003-07-14 15:00:00,1.8299999,121.16,6.71,SE
2003-07-14 18:00:00,1.8199999,117.37,7.16,SE
2003-07-14 21:00:00,1.8299999,115.28,7.4199996,SE
2003-07-15 00:00:00,1.79,113.47,7.5299997,SE
2003-07-15 03:00:00,1.6899999,110.450005,7.66,E
2003-07-15 06:00:00,1.5799999,107.12,7.79,E
2003-07-15 09:00:00,1.49,103.55,7.8799996,E
2003-07-15 12:00:00,1.41,100.08,7.94,E
2003-07-15 15:00:00,1.36,96.87,7.97,E
2003-07-15 18:00:00,1.3299999,94.270004,8.01,E
2003-07-15 21:00:00,1.3199999,92.3,8.09,E
2003-07-16 00:00:00,1.4499999,89.8,8.69,E
2003-07-16 03:00:00,1.41,86.94,8.849999,E
2003-07-16 06:00:00,1.43,84.44,9.23,E
2003-07-16 09:00:00,1.4599999,82.91,9.57,E
2003-07-16 12:00:00,1.68,82.670006,10.25,E
2003-07-16 15:00:00,1.67,82.670006,10.19,E
2003-07-16 18:00:00,1.75,81.91,10.57,E
2003-07-16 21:00:00,1.81,81.01,10.9,E
2003-07-17 00:00:00,1.9,80.73,11.259999,E
2003-07-17 03:00:00,1.99,80.65,11.639999,E
2003-07-17 06:00:00,2.06,82.47,11.84,E
2003-07-17 09:00:00,2.11,86.11,11.84,E
2003-07-17 12:00:00,2.11,89.770004,11.71,E
2003-07-17 15:00:00,2.12,92.22,11.639999,E
2003-07-17 18:00:00,2.01,92.990005,11.34,E
2003-07-17 21:00:00,1.92,94.4,11.139999,E
2003-07-18 00:00:00,1.8199999,93.94,11.01,E
2003-07-18 03:00:00,1.74,92.54,10.929999,E
2003-07-18 06:00:00,1.6899999,92.86,10.87,E
2003-07-18 09:00:00,1.68,95.3,10.82,E
2003-07-18 12:00:00,1.6999999,99.05,10.75,E
2003-07-18 15:00:00,1.77,103.71,10.65,E
2003-07-18 18:00:00,1.81,108.41,10.54,E
2003-07-18 21:00:00,1.91,115.65,10.5,SE
2003-07-19 00:00:00,1.9399999,121.16,6.47,SE
2003-07-19 03:00:00,1.9799999,127.16,6.45,SE
2003-07-19 06:00:00,2.03,133.46,6.5499997,SE
2003-07-19 09:00:00,2.07,138.64,6.73,SE
2003-07-19 12:00:00,2.06,139.54001,7.5899997,SE
2003-07-19 15:00:00,2.06,138.44,7.8599997,SE
2003-07-19 18:00:00,1.99,136.59,8.19,SE
2003-07-19 21:00:00,1.8499999,135.0,8.62,SE
2003-07-20 00:00:00,1.8199999,134.89,9.34,SE
2003-07-20 03:00:00,1.7199999,135.28,9.559999,SE
2003-07-20 06:00:00,1.6899999,136.53,9.65,SE
2003-07-20 09:00:00,1.64,136.34,9.66,SE
2003-07-20 12:00:00,1.56,134.66,9.51,SE
2003-07-20 15:00:00,1.9699999,132.51001,10.639999,SE
2003-07-20 18:00:00,1.64,128.7,9.75,SE
2003-07-20 21:00:00,1.53,126.12,9.13,SE
2003-07-21 00:00:00,1.4599999,123.979996,8.95,SE
2003-07-21 03:00:00,1.41,122.630005,8.99,SE
2003-07-21 06:00:00,1.35,122.31,9.17,SE
2003-07-21 09:00:00,1.31,123.04,9.32,SE
2003-07-21 12:00:00,1.28,123.84,9.45,SE
2003-07-21 15:00:00,1.24,124.44,9.55,SE
2003-07-21 18:00:00,1.2099999,124.81,9.53,SE
2003-07-21 21:00:00,1.18,124.770004,9.469999,SE
2003-07-22 00:00:00,1.13,124.44,9.389999,SE
2003-07-22 03:00:00,1.06,124.08,9.16,SE
2003-07-22 06:00:00,1.01,123.36,8.95,SE
2003-07-22 09:00:00,0.96999997,122.57,8.79,SE
2003-07-22 12:00:00,0.94,121.729996,8.75,SE
2003-07-22 15:00:00,0.91999996,119.97,8.74,SE
2003-07-22 18:00:00,0.90999997,116.65,8.72,SE
2003-07-22 21:00:00,0.90999997,110.96,8.7699995,E
2003-07-23 00:00:00,1.1999999,92.5,9.78,E
2003-07-23 03:00:00,1.24,73.04,5.39,E
2003-07-23 06:00:00,1.38,59.270004,5.66,NE
2003-07-23 09:00:00,1.5,52.990005,5.93,NE
2003-07-23 12:00:00,1.55,47.839996,6.18,NE
2003-07-23 15:00:00,1.8499999,44.180008,6.8599997,NE
2003-07-23 18:00:00,1.9,42.770004,7.3199997,NE
2003-07-23 21:00:00,1.9499999,41.229996,7.72,NE
2003-07-24 00:00:00,1.93,43.03,8.09,NE
2003-07-24 03:00:00,1.8499999,48.08,8.309999,NE
2003-07-24 06:00:00,1.75,51.240005,8.45,NE
2003-07-24 09:00:00,1.5899999,53.480003,8.429999,NE
2003-07-24 12:00:00,1.42,56.740005,8.37,NE
2003-07-24 15:00:00,1.27,59.700005,8.3,NE
2003-07-24 18:00:00,1.17,62.770004,8.29,NE
2003-07-24 21:00:00,1.12,66.75,8.34,NE
2003-07-25 00:00:00,1.14,71.240005,8.45,E
2003-07-25 03:00:00,1.22,75.61,8.76,E
2003-07-25 06:00:00,1.27,79.9,8.95,E
2003-07-25 09:00:00,1.29,81.950005,9.059999,E
2003-07-25 12:00:00,1.28,83.14,9.08,E
2003-07-25 15:00:00,1.27,83.810005,9.13,E
2003-07-25 18:00:00,1.27,84.880005,9.19,E
2003-07-25 21:00:00,1.39,85.35,9.84,E
2003-07-26 00:00:00,1.3199999,85.450005,9.76,E
2003-07-26 03:00:00,1.3,84.68,9.71,E
2003-07-26 06:00:00,1.3399999,86.130005,10.04,E
2003-07-26 09:00:00,1.27,90.37,10.12,E
2003-07-26 12:00:00,1.26,96.85,10.42,E
2003-07-26 15:00:00,1.2099999,105.35,10.559999,E
2003-07-26 18:00:00,1.22,114.020004,10.639999,SE
2003-07-26 21:00:00,1.25,119.83,10.599999,SE
2003-07-27 00:00:00,1.29,123.05,10.37,SE
2003-07-27 03:00:00,1.35,126.92,10.349999,SE
2003-07-27 06:00:00,1.39,130.1,10.53,SE
2003-07-27 09:00:00,1.41,131.78,10.73,SE
2003-07-27 12:00:00,1.4,131.58,10.88,SE
2003-07-27 15:00:00,1.39,130.89,11.24,SE
2003-07-27 18:00:00,1.39,130.1,11.679999,SE
2003-07-27 21:00:00,1.38,129.12,11.82,SE
2003-07-28 00:00:00,1.37,128.04001,11.87,SE
2003-07-28 03:00:00,1.36,126.75,11.969999,SE
2003-07-28 06:00:00,1.3299999,125.34,12.05,SE
2003-07-28 09:00:00,1.3,124.43,12.12,SE
2003-07-28 12:00:00,1.28,122.65,12.25,SE
2003-07-28 15:00:00,1.27,120.55,13.13,SE
2003-07-28 18:00:00,1.25,118.31,13.45,SE
2003-07-28 21:00:00,1.22,116.37,13.45,SE
2003-07-29 00:00:00,1.1999999,114.92,13.469999,SE
2003-07-29 03:00:00,1.17,113.26,13.49,SE
2003-07-29 06:00:00,1.15,111.92,13.53,E
2003-07-29 09:00:00,1.13,112.020004,13.5199995,E
2003-07-29 12:00:00,1.09,112.4,13.57,E
2003-07-29 15:00:00,1.09,113.3,13.58,SE
2003-07-29 18:00:00,1.1,114.58,13.58,SE
2003-07-29 21:00:00,1.13,116.100006,13.61,SE
2003-07-30 00:00:00,1.13,116.81,13.58,SE
2003-07-30 03:00:00,1.11,117.09,13.5,SE
2003-07-30 06:00:00,1.09,117.479996,13.44,SE
2003-07-30 09:00:00,1.09,119.880005,13.389999,SE
2003-07-30 12:00:00,1.15,132.11,13.299999,SE
2003-07-30 15:00:00,1.14,140.82,13.15,SE
2003-07-30 18:00:00,1.12,144.18,13.0199995,SE
2003-07-30 21:00:00,1.0799999,144.12,12.92,SE
2003-07-31 00:00:00,1.0699999,144.23,12.84,SE
2003-07-31 03:00:00,1.0699999,145.44,12.82,SE
2003-07-31 06:00:00,1.12,148.09,12.82,SE
2003-07-31 09:00:00,1.1999999,151.18,12.54,SE
2003-07-31 12:00:00,1.3399999,154.64,11.98,SE
2003-07-31 15:00:00,1.54,159.77,11.809999,S
2003-07-31 18:00:00,1.65,161.22,11.719999,S
2003-07-31 21:00:00,1.64,160.15,11.66,S
2003-08-01 00:00:00,1.63,160.46,11.78,S
2003-08-01 03:00:00,1.61,161.04001,11.9,S
2003-08-01 06:00:00,1.73,160.84,12.04,S
2003-08-01 09:00:00,1.88,161.88,12.08,S
2003-08-01 12:00:00,2.24,161.99,12.679999,S
2003-08-01 15:00:00,2.12,161.62,11.91,S
2003-08-01 18:00:00,2.08,161.03,11.73,S
2003-08-01 21:00:00,2.03,160.24,11.67,S
2003-08-02 00:00:00,1.8499999,158.93,11.29,S
2003-08-02 03:00:00,1.76,157.26,11.139999,SE
2003-08-02 06:00:00,1.86,155.81,11.5199995,SE
2003-08-02 09:00:00,1.78,154.85,10.98,SE
2003-08-02 12:00:00,1.73,153.49,10.679999,SE
2003-08-02 15:00:00,1.65,151.48,10.099999,SE
2003-08-02 18:00:00,1.5799999,149.55,9.63,SE
2003-08-02 21:00:00,1.52,148.83,8.92,SE
2003-08-03 00:00:00,1.5,147.08,8.559999,SE
2003-08-03 03:00:00,1.48,142.42,8.349999,SE
2003-08-03 06:00:00,1.43,138.76001,8.25,SE
2003-08-03 09:00:00,1.36,135.93,8.2,SE
2003-08-03 12:00:00,1.31,133.2,8.16,SE
2003-08-03 15:00:00,1.29,130.29001,8.13,SE
2003-08-03 18:00:00,1.24,127.65,7.97,SE
2003-08-03 21:00:00,1.1899999,125.729996,7.7999997,SE
2003-08-04 00:00:00,1.14,124.11,7.71,SE
2003-08-04 03:00:00,1.1,122.57,7.66,SE
2003-08-04 06:00:00,1.05,120.94,7.62,SE
2003-08-04 09:00:00,1.02,118.42,7.5499997,SE
2003-08-04 12:00:00,1.02,114.630005,7.5299997,SE
2003-08-04 15:00:00,1.01,111.67,7.54,E
2003-08-04 18:00:00,1.02,111.1,7.52,E
2003-08-04 21:00:00,1.0,106.01,6.87,E
2003-08-05 00:00:00,1.05,98.3,13.549999,E
2003-08-05 03:00:00,1.1,93.54,13.58,E
2003-08-05 06:00:00,1.22,83.04,13.48,E
2003-08-05 09:00:00,1.36,70.18,13.4,E
2003-08-05 12:00:00,1.5,56.25,13.32,NE
2003-08-05 15:00:00,1.52,50.11,13.03,NE
2003-08-05 18:00:00,1.4699999,46.960007,12.83,NE
2003-08-05 21:00:00,1.4,47.990005,12.67,NE
2003-08-06 00:00:00,1.3199999,48.40001,12.5,NE
2003-08-06 03:00:00,1.24,52.760002,12.28,NE
2003-08-06 06:00:00,1.23,52.800003,12.16,NE
2003-08-06 09:00:00,1.22,51.300003,12.07,NE
2003-08-06 12:00:00,1.18,52.870003,11.99,NE
2003-08-06 15:00:00,1.26,57.030006,12.69,NE
2003-08-06 18:00:00,1.16,74.32,12.19,E
2003-08-06 21:00:00,1.1899999,102.33,12.23,E
2003-08-07 00:00:00,1.22,112.97,12.15,SE
2003-08-07 03:00:00,1.1899999,113.98,11.929999,SE
2003-08-07 06:00:00,1.15,112.62,11.71,SE
2003-08-07 09:00:00,1.09,111.090004,11.54,E
2003-08-07 12:00:00,1.03,109.22,11.389999,E
2003-08-07 15:00:00,0.97999996,107.78,11.309999,E
2003-08-07 18:00:00,0.96,106.71,11.55,E
2003-08-07 21:00:00,0.94,105.75,11.91,E
2003-08-08 00:00:00,0.96,105.130005,12.37,E
2003-08-08 03:00:00,0.93,105.54,12.13,E
2003-08-08 06:00:00,0.90999997,104.65,11.719999,E
2003-08-08 09:00:00,0.89,101.85,11.41,E
2003-08-08 12:00:00,0.88,99.840004,11.219999,E
2003-08-08 15:00:00,0.84,102.840004,11.0199995,E
2003-08-08 18:00:00,0.78999996,108.630005,10.87,E
2003-08-08 21:00:00,0.75,114.33,10.79,SE
2003-08-09 00:00:00,0.74,119.5,10.76,SE
2003-08-09 03:00:00,0.74,123.72,10.75,SE
2003-08-09 06:00:00,0.76,127.59,10.84,SE
2003-08-09 09:00:00,0.81,130.77,7.8999996,SE
2003-08-09 12:00:00,0.84,132.54001,5.94,SE
2003-08-09 15:00:00,0.85999995,132.98,6.0699997,SE
2003-08-09 18:00:00,0.82,132.08,6.12,SE
2003-08-09 21:00:00,0.84,136.0,6.24,SE
2003-08-10 00:00:00,1.0,148.47,6.71,SE
2003-08-10 03:00:00,1.1899999,151.97,6.97,SE
2003-08-10 06:00:00,1.38,152.31,8.36,SE
2003-08-10 09:00:00,1.61,152.99,8.65,SE
2003-08-10 12:00:00,1.65,152.38,9.2,SE
2003-08-10 15:00:00,1.5899999,150.49,9.95,SE
2003-08-10 18:00:00,1.51,148.89,10.179999,SE
2003-08-10 21:00:00,1.4499999,147.95999,10.24,SE
2003-08-11 00:00:00,1.4599999,146.44,10.55,SE
2003-08-11 03:00:00,1.36,144.7,10.4,SE
2003-08-11 06:00:00,2.04,144.01001,13.04,SE
2003-08-11 09:00:00,1.61,141.32,11.53,SE
2003-08-11 12:00:00,1.48,140.27,11.09,SE
2003-08-11 15:00:00,1.37,140.17,10.8,SE
2003-08-11 18:00:00,1.27,139.99,10.59,SE
2003-08-11 21:00:00,1.1999999,139.62,10.44,SE
2003-08-12 00:00:00,1.15,138.76001,10.309999,SE
2003-08-12 03:00:00,1.24,136.15,10.71,SE
2003-08-12 06:00:00,1.2099999,128.1,10.5,SE
2003-08-12 09:00:00,1.18,117.729996,10.179999,SE
2003-08-12 12:00:00,1.15,103.490005,9.91,E
2003-08-12 15:00:00,1.11,91.73,9.69,E
2003-08-12 18:00:00,1.04,89.53,9.49,E
2003-08-12 21:00:00,0.98999995,90.57,9.32,E
2003-08-13 00:00:00,0.95,87.630005,9.139999,E
2003-08-13 03:00:00,0.96999997,67.76,8.97,E
2003-08-13 06:00:00,1.06,41.28,7.18,NE
2003-08-13 09:00:00,1.14,30.809998,4.88,NE
2003-08-13 12:00:00,1.24,22.240005,5.24,N
2003-08-13 15:00:00,1.38,12.100006,5.6099997,N
2003-08-13 18:00:00,1.4,7.3700104,5.96,N
2003-08-13 21:00:00,1.28,7.2900085,6.08,N
2003-08-14 00:00:00,1.14,9.720001,6.1,N
2003-08-14 03:00:00,1.01,15.9900055,6.08,N
2003-08-14 06:00:00,1.03,24.790009,6.3199997,NE
2003-08-14 09:00:00,0.96,34.72,6.1299996,NE
2003-08-14 12:00:00,0.90999997,57.870003,9.04,NE
2003-08-14 15:00:00,1.09,122.86,8.46,SE
2003-08-14 18:00:00,1.3,134.1,5.3399997,SE
2003-08-14 21:00:00,1.3199999,135.3,5.73,SE
2003-08-15 00:00:00,1.29,133.34,5.85,SE
2003-08-15 03:00:00,1.4599999,131.73,6.2,SE
2003-08-15 06:00:00,1.64,132.22,8.16,SE
2003-08-15 09:00:00,1.75,131.61,8.11,SE
2003-08-15 12:00:00,1.86,129.12,8.12,SE
2003-08-15 15:00:00,1.9799999,125.68,8.11,SE
2003-08-15 18:00:00,2.08,121.880005,6.6,SE
2003-08-15 21:00:00,2.08,117.72,6.92,SE
2003-08-16 00:00:00,2.03,114.130005,7.14,SE
2003-08-16 03:00:00,1.9499999,112.24,7.22,E
2003-08-16 06:00:00,1.8299999,111.41,7.18,E
2003-08-16 09:00:00,1.7199999,110.37,8.559999,E
2003-08-16 12:00:00,1.63,109.4,8.46,E
2003-08-16 15:00:00,1.5699999,108.560005,8.33,E
2003-08-16 18:00:00,1.53,107.85,8.23,E
2003-08-16 21:00:00,1.53,106.65,8.2,E
2003-08-17 00:00:00,1.56,104.0,6.95,E
2003-08-17 03:00:00,1.5999999,101.22,7.3599997,E
2003-08-17 06:00:00,1.63,98.200005,7.75,E
2003-08-17 09:00:00,1.64,95.490005,8.07,E
2003-08-17 12:00:00,1.6999999,93.73,8.42,E
2003-08-17 15:00:00,1.7199999,95.15,8.54,E
2003-08-17 18:00:00,1.68,95.380005,8.62,E
2003-08-17 21:00:00,1.61,95.48,8.69,E
2003-08-18 00:00:00,1.56,95.89,8.83,E
2003-08-18 03:00:00,1.51,96.810005,8.91,E
2003-08-18 06:00:00,1.4599999,97.07,8.92,E
2003-08-18 09:00:00,1.42,95.700005,8.88,E
2003-08-18 12:00:00,1.37,94.96,8.849999,E
2003-08-18 15:00:00,1.31,96.66,8.929999,E
2003-08-18 18:00:00,1.3,106.17,10.559999,E
2003-08-18 21:00:00,1.54,134.05,9.86,SE
2003-08-19 00:00:00,1.7199999,144.92,6.44,SE
2003-08-19 03:00:00,1.8,147.6,8.26,SE
2003-08-19 06:00:00,2.01,152.23,8.53,SE
2003-08-19 09:00:00,2.12,152.92,8.95,SE
2003-08-19 12:00:00,2.11,152.68,9.37,SE
2003-08-19 15:00:00,2.11,154.25,9.719999,SE
2003-08-19 18:00:00,2.1399999,157.02,9.92,SE
2003-08-19 21:00:00,2.1299999,158.56,9.969999,S
2003-08-20 00:00:00,2.02,156.46,9.96,SE
2003-08-20 03:00:00,1.9599999,154.43,10.0199995,SE
2003-08-20 06:00:00,2.03,154.41,10.11,SE
2003-08-20 09:00:00,2.08,154.39,10.23,SE
2003-08-20 12:00:00,2.31,152.23,11.16,SE
2003-08-20 15:00:00,2.12,150.03,11.0199995,SE
2003-08-20 18:00:00,2.1599998,147.39,11.309999,SE
2003-08-20 21:00:00,2.08,144.44,11.23,SE
2003-08-21 00:00:00,2.11,140.94,11.469999,SE
2003-08-21 03:00:00,2.05,137.95999,11.469999,SE
2003-08-21 06:00:00,1.99,135.73,11.41,SE
2003-08-21 09:00:00,1.91,134.4,11.309999,SE
2003-08-21 12:00:00,1.81,133.22,11.13,SE
2003-08-21 15:00:00,1.6999999,132.06,10.94,SE
2003-08-21 18:00:00,1.63,130.86,10.83,SE
2003-08-21 21:00:00,1.54,129.74,10.69,SE
2003-08-22 00:00:00,1.4599999,128.54001,10.5199995,SE
2003-08-22 03:00:00,1.5899999,126.600006,10.99,SE
2003-08-22 06:00:00,1.52,121.93,10.86,SE
2003-08-22 09:00:00,1.4499999,114.91,10.599999,SE
2003-08-22 12:00:00,1.4,106.37,10.37,E
2003-08-22 15:00:00,1.35,98.16,10.179999,E
2003-08-22 18:00:00,1.26,95.700005,10.0,E
2003-08-22 21:00:00,1.1899999,94.08,9.849999,E
2003-08-23 00:00:00,1.15,89.25,9.7699995,E
2003-08-23 03:00:00,1.13,80.9,9.7699995,E
2003-08-23 06:00:00,1.2099999,60.36,9.88,NE
2003-08-23 09:00:00,1.42,37.04001,5.3399997,NE
2003-08-23 12:00:00,1.63,23.65001,5.8599997,NE
2003-08-23 15:00:00,1.8199999,15.639999,6.27,N
2003-08-23 18:00:00,2.1699998,10.25,6.8199997,N
2003-08-23 21:00:00,1.93,8.050003,6.7999997,N
2003-08-24 00:00:00,1.8299999,8.020004,7.94,N
2003-08-24 03:00:00,1.49,12.850006,8.01,N
2003-08-24 06:00:00,1.29,15.949997,7.7999997,N
2003-08-24 09:00:00,1.15,22.589996,7.62,NE
2003-08-24 12:00:00,1.04,33.39,7.43,NE
2003-08-24 15:00:00,0.96999997,41.600006,12.17,NE
2003-08-24 18:00:00,0.94,71.33,12.5,E
2003-08-24 21:00:00,0.93,104.97,12.83,E
2003-08-25 00:00:00,0.96999997,114.87,12.79,SE
2003-08-25 03:00:00,0.95,119.39,12.48,SE
2003-08-25 06:00:00,1.05,122.380005,12.82,SE
2003-08-25 09:00:00,1.03,123.66,12.73,SE
2003-08-25 12:00:00,1.0,124.33,12.179999,SE
2003-08-25 15:00:00,0.96999997,127.130005,11.69,SE
2003-08-25 18:00:00,0.94,129.28,11.32,SE
2003-08-25 21:00:00,0.93,132.98,11.099999,SE
2003-08-26 00:00:00,0.93,136.74,10.95,SE
2003-08-26 03:00:00,0.93,137.58,10.82,SE
2003-08-26 06:00:00,0.91999996,136.15,10.71,SE
2003-08-26 09:00:00,0.90999997,134.63,10.59,SE
2003-08-26 12:00:00,0.88,133.49,10.4,SE
2003-08-26 15:00:00,0.85999995,133.84,10.16,SE
2003-08-26 18:00:00,0.95,135.24,10.469999,SE
2003-08-26 21:00:00,0.96999997,136.06,10.7,SE
2003-08-27 00:00:00,1.22,140.62,11.65,SE
2003-08-27 03:00:00,1.01,143.09,10.28,SE
2003-08-27 06:00:00,1.18,148.89,10.08,SE
2003-08-27 09:00:00,1.53,153.75,5.39,SE
2003-08-27 12:00:00,1.66,154.53,6.3399997,SE
2003-08-27 15:00:00,1.65,154.88,6.71,SE
2003-08-27 18:00:00,1.65,155.56,6.85,SE
2003-08-27 21:00:00,1.5899999,154.88,6.8799996,SE
2003-08-28 00:00:00,1.51,153.14,6.81,SE
2003-08-28 03:00:00,1.41,150.65,6.7799997,SE
2003-08-28 06:00:00,1.73,148.71,7.54,SE
2003-08-28 09:00:00,1.54,146.48,7.04,SE
2003-08-28 12:00:00,1.4599999,144.63,7.1,SE
2003-08-28 15:00:00,1.38,142.2,7.1499996,SE
2003-08-28 18:00:00,1.3199999,139.84,7.16,SE
2003-08-28 21:00:00,1.27,137.87,7.19,SE
2003-08-29 00:00:00,1.2099999,136.1,7.2599998,SE
2003-08-29 03:00:00,1.16,133.75,7.31,SE
2003-08-29 06:00:00,1.11,130.96,7.31,SE
2003-08-29 09:00:00,1.0699999,128.51001,7.27,SE
2003-08-29 12:00:00,1.04,125.34,7.22,SE
2003-08-29 15:00:00,1.04,120.41,7.16,SE
2003-08-29 18:00:00,1.02,115.9,10.23,SE
2003-08-29 21:00:00,0.98999995,114.72,11.11,SE
2003-08-30 00:00:00,0.96,114.4,11.309999,SE
2003-08-30 03:00:00,0.93,112.21,11.509999,E
2003-08-30 06:00:00,0.96,101.130005,11.71,E
2003-08-30 09:00:00,1.03,82.130005,11.88,E
2003-08-30 12:00:00,1.0799999,64.9,12.08,NE
2003-08-30 15:00:00,1.13,46.430008,9.429999,NE
2003-08-30 18:00:00,1.12,37.62001,9.62,NE
2003-08-30 21:00:00,1.0799999,37.410004,9.74,NE
2003-08-31 00:00:00,1.04,40.04001,13.559999,NE
2003-08-31 03:00:00,1.05,38.729996,13.53,NE
2003-08-31 06:00:00,1.12,34.850006,9.82,NE
2003-08-31 09:00:00,1.16,34.90001,9.889999,NE
2003-08-31 12:00:00,1.18,34.210007,9.92,NE
2003-08-31 15:00:00,1.1999999,35.130005,10.15,NE
2003-08-31 18:00:00,1.11,39.050003,10.19,NE
2003-08-31 21:00:00,1.0,50.940002,13.11,NE
2003-09-01 00:00:00,1.1999999,84.37,14.54,E
2003-09-01 03:00:00,0.95,114.200005,13.08,SE
2003-09-01 06:00:00,0.97999996,125.33,12.639999,SE
2003-09-01 09:00:00,1.06,132.62,12.28,SE
2003-09-01 12:00:00,1.0799999,135.37,12.009999,SE
2003-09-01 15:00:00,1.0799999,137.4,10.809999,SE
2003-09-01 18:00:00,1.16,143.33,10.849999,SE
2003-09-01 21:00:00,1.26,148.38,8.05,SE
2003-09-02 00:00:00,1.27,147.83,8.07,SE
2003-09-02 03:00:00,1.22,145.23,10.969999,SE
2003-09-02 06:00:00,1.18,143.02,10.92,SE
2003-09-02 09:00:00,1.15,141.79001,10.76,SE
2003-09-02 12:00:00,1.18,140.4,10.9,SE
2003-09-02 15:00:00,1.12,137.25,11.01,SE
2003-09-02 18:00:00,1.06,136.22,10.78,SE
2003-09-02 21:00:00,1.01,135.76001,10.639999,SE
2003-09-03 00:00:00,0.95,135.02,10.4,SE
2003-09-03 03:00:00,0.90999997,134.06,10.32,SE
2003-09-03 06:00:00,0.88,133.05,10.3,SE
2003-09-03 09:00:00,0.84999996,132.32,10.639999,SE
2003-09-03 12:00:00,1.12,132.49,12.21,SE
2003-09-03 15:00:00,1.3,141.56,11.219999,SE
2003-09-03 18:00:00,1.8,150.44,6.25,SE
2003-09-03 21:00:00,2.4099998,153.45,8.36,SE
2003-09-04 00:00:00,2.85,152.98,11.36,SE
2003-09-04 03:00:00,2.8799999,152.57,13.0,SE
2003-09-04 06:00:00,2.81,152.69,13.82,SE
2003-09-04 09:00:00,2.69,152.43,14.059999,SE
2003-09-04 12:00:00,2.5,151.45,13.88,SE
2003-09-04 15:00:00,2.32,150.05,13.63,SE
2003-09-04 18:00:00,2.19,148.67,13.429999,SE
2003-09-04 21:00:00,2.09,147.75,13.29,SE
2003-09-05 00:00:00,1.99,146.74,13.17,SE
2003-09-05 03:00:00,1.87,145.74,13.04,SE
2003-09-05 06:00:00,1.78,143.29001,12.91,SE
2003-09-05 09:00:00,1.68,140.45999,12.78,SE
2003-09-05 12:00:00,1.5899999,138.66,12.599999,SE
2003-09-05 15:00:00,1.5,137.88,12.28,SE
2003-09-05 18:00:00,1.4,137.81,11.94,SE
2003-09-05 21:00:00,1.3,138.64,11.599999,SE
2003-09-06 00:00:00,1.22,139.5,11.29,SE
2003-09-06 03:00:00,1.15,140.26001,11.059999,SE
2003-09-06 06:00:00,1.11,140.45,10.9,SE
2003-09-06 09:00:00,1.0699999,140.11,10.79,SE
2003-09-06 12:00:00,1.0,139.85,10.58,SE
2003-09-06 15:00:00,0.96,140.26001,10.5199995,SE
2003-09-06 18:00:00,0.90999997,141.03,10.389999,SE
2003-09-06 21:00:00,0.88,141.86,10.25,SE
2003-09-07 00:00:00,0.85999995,142.67,10.11,SE
2003-09-07 03:00:00,0.84999996,142.44,9.99,SE
2003-09-07 06:00:00,0.85999995,137.98,9.84,SE
2003-09-07 09:00:00,0.84999996,133.6,9.65,SE
2003-09-07 12:00:00,1.12,149.21,9.24,SE
2003-09-07 15:00:00,1.36,150.62,5.54,SE
2003-09-07 18:00:00,1.41,150.04001,6.0099998,SE
2003-09-07 21:00:00,1.4599999,150.07,6.1299996,SE
2003-09-08 00:00:00,1.4599999,148.14,6.3199997,SE
2003-09-08 03:00:00,1.37,146.01001,6.5299997,SE
2003-09-08 06:00:00,1.41,146.37,6.75,SE
2003-09-08 09:00:00,1.55,147.95,6.8799996,SE
2003-09-08 12:00:00,1.61,148.49,7.49,SE
2003-09-08 15:00:00,1.67,149.62,9.929999,SE
2003-09-08 18:00:00,1.75,151.31,10.57,SE
2003-09-08 21:00:00,1.77,152.49,10.75,SE
2003-09-09 00:00:00,1.67,151.73,10.58,SE
2003-09-09 03:00:00,1.62,150.65,10.679999,SE
2003-09-09 06:00:00,1.5999999,150.07,10.86,SE
2003-09-09 09:00:00,1.5999999,150.03,11.15,SE
2003-09-09 12:00:00,1.5899999,149.93,11.32,SE
2003-09-09 15:00:00,1.54,149.82,11.28,SE
2003-09-09 18:00:00,1.48,149.78,11.219999,SE
2003-09-09 21:00:00,1.4599999,150.12,11.15,SE
2003-09-10 00:00:00,1.41,147.70999,11.08,SE
2003-09-10 03:00:00,1.36,142.61,10.98,SE
2003-09-10 06:00:00,1.3,135.34,10.88,SE
2003-09-10 09:00:00,1.24,130.21,10.75,SE
2003-09-10 12:00:00,1.23,131.2,10.679999,SE
2003-09-10 15:00:00,1.1899999,132.36,10.45,SE
2003-09-10 18:00:00,1.16,135.53,10.179999,SE
2003-09-10 21:00:00,1.0799999,137.59,9.58,SE
2003-09-11 00:00:00,1.0799999,140.74,9.969999,SE
2003-09-11 03:00:00,0.98999995,140.92,9.74,SE
2003-09-11 06:00:00,0.96,136.41,9.49,SE
2003-09-11 09:00:00,0.93,133.52,9.309999,SE
2003-09-11 12:00:00,0.90999997,132.51001,9.389999,SE
2003-09-11 15:00:00,0.93,128.16,9.679999,SE
2003-09-11 18:00:00,0.97999996,119.82,9.87,SE
2003-09-11 21:00:00,1.01,111.020004,9.98,E
2003-09-12 00:00:00,1.01,105.44,10.04,E
2003-09-12 03:00:00,1.01,91.83,10.0199995,E
2003-09-12 06:00:00,1.11,58.270004,10.15,NE
2003-09-12 09:00:00,1.22,33.309998,5.13,NE
2003-09-12 12:00:00,1.28,18.449997,5.5899997,N
2003-09-12 15:00:00,1.22,19.36,6.06,N
2003-09-12 18:00:00,1.15,23.190002,6.25,NE
2003-09-12 21:00:00,1.05,39.850006,6.39,NE
2003-09-13 00:00:00,0.97999996,63.700005,6.3999996,NE
2003-09-13 03:00:00,0.96999997,65.61,6.3999996,NE
2003-09-13 06:00:00,1.06,42.979996,6.47,NE
2003-09-13 09:00:00,1.24,26.210007,6.5899997,NE
2003-09-13 12:00:00,1.4599999,24.080002,8.2699995,NE
2003-09-13 15:00:00,1.25,26.020004,8.04,NE
2003-09-13 18:00:00,1.06,32.72,7.79,NE
2003-09-13 21:00:00,0.96,44.160004,7.6499996,NE
2003-09-14 00:00:00,0.85999995,55.950005,6.81,NE
2003-09-14 03:00:00,0.84,65.66,6.68,NE
2003-09-14 06:00:00,0.9,56.520004,6.56,NE
2003-09-14 09:00:00,0.94,45.490005,6.46,NE
2003-09-14 12:00:00,0.90999997,39.839996,6.31,NE
2003-09-14 15:00:00,0.84999996,37.589996,6.25,NE
2003-09-14 18:00:00,0.84,22.970001,6.33,NE
2003-09-14 21:00:00,0.79999995,19.980011,6.29,N
2003-09-15 00:00:00,0.75,27.410004,6.47,NE
2003-09-15 03:00:00,0.65999997,32.820007,6.47,NE
2003-09-15 06:00:00,0.64,33.240005,6.45,NE
2003-09-15 09:00:00,0.81,322.62,6.69,NW
2003-09-15 12:00:00,0.83,148.22,8.17,SE
2003-09-15 15:00:00,0.81,141.82,8.36,SE
2003-09-15 18:00:00,0.78999996,138.26001,8.41,SE
2003-09-15 21:00:00,0.81,141.87,8.36,SE
2003-09-16 00:00:00,0.79999995,146.57,8.23,SE
2003-09-16 03:00:00,0.82,160.01,8.15,S
2003-09-16 06:00:00,0.87,174.33,8.22,S
2003-09-16 09:00:00,0.90999997,177.99,8.53,S
2003-09-16 12:00:00,0.90999997,174.91,8.88,S
2003-09-16 15:00:00,0.87,165.28,9.82,S
2003-09-16 18:00:00,0.82,159.21,10.32,S
2003-09-16 21:00:00,0.83,157.0,10.21,SE
2003-09-17 00:00:00,0.84999996,155.59,9.99,SE
2003-09-17 03:00:00,0.88,154.59,9.79,SE
2003-09-17 06:00:00,0.96999997,146.4,9.7,SE
2003-09-17 09:00:00,1.05,135.73,9.7,SE
2003-09-17 12:00:00,1.02,136.23,9.82,SE
2003-09-17 15:00:00,0.96999997,141.68,10.51,SE
2003-09-17 18:00:00,0.93,144.32,12.3,SE
2003-09-17 21:00:00,0.90999997,146.48,11.98,SE
2003-09-18 00:00:00,0.89,148.16,11.59,SE
2003-09-18 03:00:00,0.85999995,149.35,11.429999,SE
2003-09-18 06:00:00,0.87,147.7,12.13,SE
2003-09-18 09:00:00,0.93,133.63,12.75,SE
2003-09-18 12:00:00,0.98999995,122.61,12.79,SE
2003-09-18 15:00:00,0.94,121.69,12.889999,SE
2003-09-18 18:00:00,0.88,127.25,12.84,SE
2003-09-18 21:00:00,0.84,135.39,12.91,SE
2003-09-19 00:00:00,0.84,143.25,13.15,SE
2003-09-19 03:00:00,0.87,148.53,13.19,SE
2003-09-19 06:00:00,0.96999997,140.89,13.049999,SE
2003-09-19 09:00:00,1.04,129.66,12.889999,SE
2003-09-19 12:00:00,1.03,125.55,12.74,SE
2003-09-19 15:00:00,0.96,125.64,12.63,SE
2003-09-19 18:00:00,0.90999997,127.100006,12.16,SE
2003-09-19 21:00:00,0.87,129.66,11.679999,SE
2003-09-20 00:00:00,0.82,133.04001,11.32,SE
2003-09-20 03:00:00,0.79999995,136.45,11.099999,SE
2003-09-20 06:00:00,1.16,142.24,7.06,SE
2003-09-20 09:00:00,1.3399999,142.22,5.47,SE
2003-09-20 12:00:00,1.3399999,140.70999,6.0,SE
2003-09-20 15:00:00,1.3399999,140.41,6.25,SE
2003-09-20 18:00:00,1.4,142.31,9.03,SE
2003-09-20 21:00:00,1.41,143.27,12.349999,SE
2003-09-21 00:00:00,1.4399999,144.82,12.36,SE
2003-09-21 03:00:00,1.3399999,143.57,11.5,SE
2003-09-21 06:00:00,1.26,140.58,11.12,SE
2003-09-21 09:00:00,1.1899999,137.31,11.0199995,SE
2003-09-21 12:00:00,1.0,133.92,10.53,SE
2003-09-21 15:00:00,0.97999996,132.52,10.809999,SE
2003-09-21 18:00:00,0.96999997,128.5,11.0,SE
2003-09-21 21:00:00,0.96,123.01,10.98,SE
2003-09-22 00:00:00,0.91999996,112.97,10.82,SE
2003-09-22 03:00:00,0.97999996,66.25,10.61,NE
2003-09-22 06:00:00,1.04,43.770004,4.31,NE
2003-09-22 09:00:00,1.0699999,37.270004,4.63,NE
2003-09-22 12:00:00,1.16,27.910004,5.0099998,NE
2003-09-22 15:00:00,1.18,21.290009,5.2999997,N
2003-09-22 18:00:00,1.1999999,14.830002,5.5099998,N
2003-09-22 21:00:00,1.18,10.540009,5.6,N
2003-09-23 00:00:00,1.17,7.5599976,5.5899997,N
2003-09-23 03:00:00,1.25,10.339996,5.5,N
2003-09-23 06:00:00,1.3399999,14.419998,5.58,N
2003-09-23 09:00:00,1.3199999,17.529999,5.7799997,N
2003-09-23 12:00:00,1.36,16.529999,5.92,N
2003-09-23 15:00:00,1.37,12.12001,6.0099998,N
2003-09-23 18:00:00,1.52,6.4400024,6.2999997,N
2003-09-23 21:00:00,1.43,2.7700043,6.18,N
2003-09-24 00:00:00,1.3399999,2.3600006,6.1299996,N
2003-09-24 03:00:00,1.4,5.75,6.06,N
2003-09-24 06:00:00,1.4699999,11.470001,6.0299997,N
2003-09-24 09:00:00,1.42,14.410004,6.1,N
2003-09-24 12:00:00,1.43,15.25,6.2599998,N
2003-09-24 15:00:00,1.35,13.0,6.3199997,N
2003-09-24 18:00:00,1.25,11.790009,6.3799996,N
2003-09-24 21:00:00,1.12,12.270004,6.35,N
2003-09-25 00:00:00,1.09,12.380005,6.27,N
2003-09-25 03:00:00,1.1999999,12.809998,6.06,N
2003-09-25 06:00:00,1.36,14.270004,5.85,N
2003-09-25 09:00:00,1.4,15.419998,6.06,N
2003-09-25 12:00:00,1.42,15.960007,6.25,N
2003-09-25 15:00:00,1.36,14.589996,6.3199997,N
2003-09-25 18:00:00,1.29,12.850006,6.2999997,N
2003-09-25 21:00:00,1.23,11.4900055,6.25,N
2003-09-26 00:00:00,1.2099999,11.830002,6.2,N
2003-09-26 03:00:00,1.27,13.419998,6.0699997,N
2003-09-26 06:00:00,1.28,17.5,6.04,N
2003-09-26 09:00:00,1.38,20.210007,6.18,N
2003-09-26 12:00:00,1.4399999,20.480011,6.24,N
2003-09-26 15:00:00,1.36,19.190002,6.25,N
2003-09-26 18:00:00,1.24,17.680008,6.21,N
2003-09-26 21:00:00,1.13,17.600006,6.16,N
2003-09-27 00:00:00,1.1,16.080002,6.12,N
2003-09-27 03:00:00,1.16,15.419998,6.0299997,N
2003-09-27 06:00:00,1.22,16.130005,5.93,N
2003-09-27 09:00:00,1.16,19.630005,6.0699997,N
2003-09-27 12:00:00,1.04,30.830002,6.2,NE
2003-09-27 15:00:00,1.3399999,127.61,5.89,SE
2003-09-27 18:00:00,2.0,154.85,6.6499996,SE
2003-09-27 21:00:00,2.21,154.44,8.94,SE
2003-09-28 00:00:00,2.05,151.42,9.71,SE
2003-09-28 03:00:00,1.92,148.9,10.17,SE
2003-09-28 06:00:00,1.8199999,147.35,10.59,SE
2003-09-28 09:00:00,1.73,145.92,10.67,SE
2003-09-28 12:00:00,1.65,144.69,10.75,SE
2003-09-28 15:00:00,1.53,144.08,10.71,SE
2003-09-28 18:00:00,1.42,143.13,10.719999,SE
2003-09-28 21:00:00,1.31,141.72,10.74,SE
2003-09-29 00:00:00,1.24,139.02,10.74,SE
2003-09-29 03:00:00,1.2099999,131.51001,10.7,SE
2003-09-29 06:00:00,1.29,97.58,10.639999,E
2003-09-29 09:00:00,1.36,67.22,10.66,NE
2003-09-29 12:00:00,1.36,54.020004,7.33,NE
2003-09-29 15:00:00,1.3299999,51.14,5.58,NE
2003-09-29 18:00:00,1.23,61.39,7.74,NE
2003-09-29 21:00:00,1.24,106.700005,11.059999,E
2003-09-30 00:00:00,1.79,144.05,6.04,SE
2003-09-30 03:00:00,1.8399999,138.63,6.6499996,SE
2003-09-30 06:00:00,1.81,133.91,6.8199997,SE
2003-09-30 09:00:00,1.9,129.14,7.08,SE
2003-09-30 12:00:00,1.75,126.630005,7.1,SE
2003-09-30 15:00:00,1.63,126.81,7.93,SE
2003-09-30 18:00:00,1.62,125.28,10.73,SE
2003-09-30 21:00:00,1.5899999,123.42,10.92,SE
2003-10-01 00:00:00,1.63,116.39,10.95,SE
2003-10-01 03:00:00,1.49,123.22,10.639999,SE
2003-10-01 06:00:00,1.5,97.01,7.5699997,E
2003-10-01 09:00:00,1.56,76.060005,5.6299996,E
2003-10-01 12:00:00,1.75,48.699997,5.9,NE
2003-10-01 15:00:00,1.81,30.270004,6.16,NE
2003-10-01 18:00:00,1.7199999,21.559998,6.3599997,N
2003-10-01 21:00:00,1.6999999,12.290009,6.46,N
2003-10-02 00:00:00,1.55,13.699997,6.5699997,N
2003-10-02 03:00:00,1.41,15.050003,6.5499997,N
2003-10-02 06:00:00,1.35,14.680008,6.46,N
2003-10-02 09:00:00,1.27,21.220001,6.39,N
2003-10-02 12:00:00,1.15,26.949997,6.54,NE
2003-10-02 15:00:00,1.0799999,27.87001,6.72,NE
2003-10-02 18:00:00,1.04,26.680008,7.39,NE
2003-10-02 21:00:00,0.97999996,27.470001,7.54,NE
2003-10-03 00:00:00,0.90999997,29.339996,7.71,NE
2003-10-03 03:00:00,0.87,35.33,7.83,NE
2003-10-03 06:00:00,1.53,120.32,9.179999,SE
2003-10-03 09:00:00,1.66,150.53,6.39,SE
2003-10-03 12:00:00,1.62,154.89,6.79,SE
2003-10-03 15:00:00,1.65,156.62,6.96,SE
2003-10-03 18:00:00,1.9,156.84,12.12,SE
2003-10-03 21:00:00,1.88,155.34,12.65,SE
2003-10-04 00:00:00,1.77,153.03,12.32,SE
2003-10-04 03:00:00,1.64,150.32,11.759999,SE
2003-10-04 06:00:00,1.55,147.12,11.3,SE
2003-10-04 09:00:00,1.49,143.81,10.99,SE
2003-10-04 12:00:00,1.48,141.09,10.849999,SE
2003-10-04 15:00:00,1.42,138.67,10.599999,SE
2003-10-04 18:00:00,1.37,136.26001,10.389999,SE
2003-10-04 21:00:00,1.3299999,134.07,10.25,SE
2003-10-05 00:00:00,1.3,131.8,10.3,SE
2003-10-05 03:00:00,1.26,130.76001,10.4,SE
2003-10-05 06:00:00,1.23,129.3,10.54,SE
2003-10-05 09:00:00,1.1899999,127.45,10.59,SE
2003-10-05 12:00:00,1.17,123.990005,10.5199995,SE
2003-10-05 15:00:00,1.1899999,116.04,10.42,SE
2003-10-05 18:00:00,1.2099999,107.17,10.33,E
2003-10-05 21:00:00,1.24,96.65,10.29,E
2003-10-06 00:00:00,1.28,85.14,7.46,E
2003-10-06 03:00:00,1.3,74.05,7.5899997,E
2003-10-06 06:00:00,1.3399999,67.37,5.5299997,NE
2003-10-06 09:00:00,1.3299999,62.480003,5.64,NE
2003-10-06 12:00:00,1.31,58.47,5.7599998,NE
2003-10-06 15:00:00,1.26,64.9,8.4,NE
2003-10-06 18:00:00,1.16,79.47,8.87,E
2003-10-06 21:00:00,1.09,95.68,13.04,E
2003-10-07 00:00:00,1.06,108.090004,13.09,E
2003-10-07 03:00:00,1.04,114.92,12.98,SE
2003-10-07 06:00:00,1.04,118.729996,12.78,SE
2003-10-07 09:00:00,1.14,129.04001,12.46,SE
2003-10-07 12:00:00,1.29,135.89,8.71,SE
2003-10-07 15:00:00,1.29,136.05,8.96,SE
2003-10-07 18:00:00,1.25,133.93,9.07,SE
2003-10-07 21:00:00,1.1999999,133.28,9.04,SE
2003-10-08 00:00:00,1.15,132.96,8.92,SE
2003-10-08 03:00:00,1.1,132.0,8.17,SE
2003-10-08 06:00:00,1.09,126.880005,8.03,SE
2003-10-08 09:00:00,1.05,122.990005,7.96,SE
2003-10-08 12:00:00,1.02,119.36,7.77,SE
2003-10-08 15:00:00,0.97999996,114.98,7.6299996,SE
2003-10-08 18:00:00,0.91999996,112.060005,7.23,E
2003-10-08 21:00:00,0.85999995,112.42,7.2,E
2003-10-09 00:00:00,0.81,114.270004,7.14,SE
2003-10-09 03:00:00,0.78,113.18,7.08,SE
2003-10-09 06:00:00,0.81,99.71,7.0299997,E
2003-10-09 09:00:00,0.84999996,90.9,7.5699997,E
2003-10-09 12:00:00,0.85999995,86.200005,7.6099997,E
2003-10-09 15:00:00,0.9,84.19,7.74,E
2003-10-09 18:00:00,0.93,103.880005,7.8999996,E
2003-10-09 21:00:00,0.95,119.0,8.01,SE
2003-10-10 00:00:00,0.95,124.44,8.03,SE
2003-10-10 03:00:00,0.94,125.91,8.0199995,SE
2003-10-10 06:00:00,0.96999997,126.41,8.07,SE
2003-10-10 09:00:00,0.96999997,127.14,8.059999,SE
2003-10-10 12:00:00,1.2099999,123.880005,8.96,SE
2003-10-10 15:00:00,1.04,125.16,8.49,SE
2003-10-10 18:00:00,1.1,143.79001,8.38,SE
2003-10-10 21:00:00,1.39,159.21,5.7599998,S
2003-10-11 00:00:00,1.55,157.89,6.37,S
2003-10-11 03:00:00,1.6899999,155.95,6.66,SE
2003-10-11 06:00:00,2.05,154.42,6.69,SE
2003-10-11 09:00:00,2.1499999,155.18,7.79,SE
2003-10-11 12:00:00,2.1699998,157.02,8.19,SE
2003-10-11 15:00:00,2.2,159.67,8.8,S
2003-10-11 18:00:00,2.19,161.36,9.76,S
2003-10-11 21:00:00,2.09,161.25,10.17,S
2003-10-12 00:00:00,1.9799999,159.61,10.45,S
2003-10-12 03:00:00,1.88,157.28,10.58,SE
2003-10-12 06:00:00,1.89,155.14,10.7,SE
2003-10-12 09:00:00,1.9499999,155.01,10.83,SE
2003-10-12 12:00:00,1.99,156.11,10.92,SE
2003-10-12 15:00:00,2.06,157.66,10.94,S
2003-10-12 18:00:00,2.12,158.67,10.96,S
2003-10-12 21:00:00,2.1599998,158.97,10.96,S
2003-10-13 00:00:00,2.07,156.62,10.96,SE
2003-10-13 03:00:00,1.9799999,153.87,10.969999,SE
2003-10-13 06:00:00,1.9599999,153.26,10.889999,SE
2003-10-13 09:00:00,1.91,151.92,10.83,SE
2003-10-13 12:00:00,1.87,149.3,10.88,SE
2003-10-13 15:00:00,1.73,147.44,10.73,SE
2003-10-13 18:00:00,1.6899999,148.06,10.62,SE
2003-10-13 21:00:00,1.7199999,148.86,10.599999,SE
2003-10-14 00:00:00,1.75,146.92,10.559999,SE
2003-10-14 03:00:00,1.6899999,143.57,10.44,SE
2003-10-14 06:00:00,1.63,140.67,10.32,SE
2003-10-14 09:00:00,1.55,137.70999,10.219999,SE
2003-10-14 12:00:00,1.4699999,135.12,10.19,SE
2003-10-14 15:00:00,1.38,133.95,10.07,SE
2003-10-14 18:00:00,1.31,133.19,9.929999,SE
2003-10-14 21:00:00,1.25,132.37,9.79,SE
2003-10-15 00:00:00,1.1999999,131.34,9.69,SE
2003-10-15 03:00:00,1.15,130.6,9.61,SE
2003-10-15 06:00:00,1.12,129.67,9.59,SE
2003-10-15 09:00:00,1.09,127.770004,9.67,SE
2003-10-15 12:00:00,1.0699999,125.100006,9.75,SE
2003-10-15 15:00:00,1.05,122.979996,9.8,SE
2003-10-15 18:00:00,1.02,121.66,9.76,SE
2003-10-15 21:00:00,0.97999996,121.44,9.7,SE
2003-10-16 00:00:00,0.94,121.4,9.62,SE
2003-10-16 03:00:00,0.90999997,120.66,9.54,SE
2003-10-16 06:00:00,0.88,117.87,9.33,SE
2003-10-16 09:00:00,0.84,116.490005,9.07,SE
2003-10-16 12:00:00,0.79999995,116.8,8.79,SE
2003-10-16 15:00:00,0.78999996,115.89,8.61,SE
2003-10-16 18:00:00,0.78,114.5,8.55,SE
2003-10-16 21:00:00,0.77,113.47,8.49,SE
2003-10-17 00:00:00,0.78999996,112.770004,8.57,SE
2003-10-17 03:00:00,0.76,110.71,8.349999,E
2003-10-17 06:00:00,0.79999995,109.450005,8.33,E
2003-10-17 09:00:00,0.84999996,106.36,8.3,E
2003-10-17 12:00:00,0.9,101.64,7.0299997,E
2003-10-17 15:00:00,0.97999996,95.92,5.44,E
2003-10-17 18:00:00,1.05,91.16,5.72,E
2003-10-17 21:00:00,1.0799999,88.78,6.0299997,E
2003-10-18 00:00:00,1.09,87.240005,6.3999996,E
2003-10-18 03:00:00,1.14,84.97,6.8799996,E
2003-10-18 06:00:00,1.23,82.62,7.47,E
2003-10-18 09:00:00,1.3199999,80.73,7.6299996,E
2003-10-18 12:00:00,1.38,79.19,7.68,E
2003-10-18 15:00:00,1.38,78.450005,7.66,E
2003-10-18 18:00:00,1.36,78.04,7.64,E
2003-10-18 21:00:00,1.3399999,77.66,7.64,E
2003-10-19 00:00:00,1.3299999,77.020004,7.69,E
2003-10-19 03:00:00,1.3299999,75.850006,7.75,E
2003-10-19 06:00:00,1.3399999,73.73,7.7999997,E
2003-10-19 09:00:00,1.3299999,72.170006,7.8399997,E
2003-10-19 12:00:00,1.31,69.82,7.8599997,E
2003-10-19 15:00:00,1.29,66.14,7.87,NE
2003-10-19 18:00:00,1.26,63.200005,7.93,NE
2003-10-19 21:00:00,1.1999999,63.020004,8.04,NE
2003-10-20 00:00:00,1.15,65.340004,8.179999,NE
2003-10-20 03:00:00,1.1,68.5,8.32,E
2003-10-20 06:00:00,1.0799999,68.840004,8.389999,E
2003-10-20 09:00:00,1.0799999,68.47,8.49,E
2003-10-20 12:00:00,1.09,69.98,8.67,E
2003-10-20 15:00:00,1.05,73.22,8.74,E
2003-10-20 18:00:00,1.05,76.08,8.88,E
2003-10-20 21:00:00,1.06,78.83,9.0,E
2003-10-21 00:00:00,1.06,80.310005,9.04,E
2003-10-21 03:00:00,1.05,81.85,9.04,E
2003-10-21 06:00:00,1.0699999,83.85,8.99,E
2003-10-21 09:00:00,1.06,84.43,8.929999,E
2003-10-21 12:00:00,1.05,84.41,8.929999,E
2003-10-21 15:00:00,1.05,84.270004,9.059999,E
2003-10-21 18:00:00,1.05,84.380005,9.3,E
2003-10-21 21:00:00,1.04,83.76,9.54,E
2003-10-22 00:00:00,1.03,83.78,9.63,E
2003-10-22 03:00:00,1.02,83.46,9.76,E
2003-10-22 06:00:00,1.03,81.630005,9.95,E
2003-10-22 09:00:00,1.0699999,78.8,10.21,E
2003-10-22 12:00:00,1.1,76.47,10.51,E
2003-10-22 15:00:00,1.14,74.21,10.679999,E
2003-10-22 18:00:00,1.15,75.66,10.87,E
2003-10-22 21:00:00,1.1899999,82.83,10.95,E
2003-10-23 00:00:00,1.24,91.67,10.9,E
2003-10-23 03:00:00,1.25,94.740005,10.99,E
2003-10-23 06:00:00,1.3299999,95.33,11.719999,E
2003-10-23 09:00:00,1.3299999,95.340004,12.059999,E
2003-10-23 12:00:00,1.31,94.83,11.94,E
2003-10-23 15:00:00,1.28,93.43,11.79,E
2003-10-23 18:00:00,1.28,88.33,11.57,E
2003-10-23 21:00:00,1.29,84.12,11.44,E
2003-10-24 00:00:00,1.29,84.490005,11.429999,E
2003-10-24 03:00:00,1.29,86.0,11.5199995,E
2003-10-24 06:00:00,1.3,85.69,11.59,E
2003-10-24 09:00:00,1.36,81.01,11.66,E
2003-10-24 12:00:00,1.39,80.310005,11.74,E
2003-10-24 15:00:00,1.3399999,84.020004,11.7699995,E
2003-10-24 18:00:00,1.29,88.020004,11.73,E
2003-10-24 21:00:00,1.24,90.920006,11.67,E
2003-10-25 00:00:00,1.1999999,93.16,11.63,E
2003-10-25 03:00:00,1.17,95.0,11.57,E
2003-10-25 06:00:00,1.17,92.560005,11.429999,E
2003-10-25 09:00:00,1.25,78.98,11.33,E
2003-10-25 12:00:00,1.3399999,64.72,11.23,NE
2003-10-25 15:00:00,1.48,50.26001,8.94,NE
2003-10-25 18:00:00,1.55,40.210007,5.62,NE
2003-10-25 21:00:00,1.67,26.190002,5.75,NE
2003-10-26 00:00:00,1.8199999,15.970001,6.06,N
2003-10-26 03:00:00,1.9799999,16.710007,6.35,N
2003-10-26 06:00:00,1.77,22.220001,6.58,N
2003-10-26 09:00:00,1.42,29.40001,6.67,NE
2003-10-26 12:00:00,1.49,37.190002,8.2699995,NE
2003-10-26 15:00:00,1.36,51.979996,8.429999,NE
2003-10-26 18:00:00,1.26,73.380005,8.349999,E
2003-10-26 21:00:00,1.16,93.310005,8.91,E
2003-10-27 00:00:00,1.11,103.19,6.7599998,E
2003-10-27 03:00:00,1.06,106.75,6.64,E
2003-10-27 06:00:00,1.05,103.950005,6.56,E
2003-10-27 09:00:00,1.05,100.47,6.5099998,E
2003-10-27 12:00:00,1.04,100.560005,6.5099998,E
2003-10-27 15:00:00,1.03,106.23,8.07,E
2003-10-27 18:00:00,1.04,113.79,10.96,SE
2003-10-27 21:00:00,1.0699999,111.91,10.91,E
2003-10-28 00:00:00,1.2099999,84.35,10.92,E
2003-10-28 03:00:00,1.37,49.08,7.24,NE
2003-10-28 06:00:00,1.41,42.229996,5.2999997,NE
2003-10-28 09:00:00,1.5799999,33.53,5.69,NE
2003-10-28 12:00:00,1.9,19.169998,6.16,N
2003-10-28 15:00:00,1.8299999,13.600006,6.46,N
2003-10-28 18:00:00,1.7199999,10.199997,6.39,N
2003-10-28 21:00:00,1.67,9.949997,6.5299997,N
2003-10-29 00:00:00,1.53,4.180008,6.68,N
2003-10-29 03:00:00,1.39,359.5,7.25,N
2003-10-29 06:00:00,1.31,0.80000305,7.47,N
2003-10-29 09:00:00,1.1899999,12.270004,7.5899997,N
2003-10-29 12:00:00,1.14,23.550003,7.73,NE
2003-10-29 15:00:00,1.0799999,30.699997,7.72,NE
2003-10-29 18:00:00,1.03,37.87001,7.6499996,NE
2003-10-29 21:00:00,1.0,51.14,7.5299997,NE
2003-10-30 00:00:00,0.97999996,70.060005,7.43,E
2003-10-30 03:00:00,0.96999997,88.65,6.77,E
2003-10-30 06:00:00,0.96999997,98.66,6.7,E
2003-10-30 09:00:00,0.96,104.87,6.85,E
2003-10-30 12:00:00,1.09,111.700005,8.4,E
2003-10-30 15:00:00,0.96999997,115.55,7.7599998,SE
2003-10-30 18:00:00,0.89,118.33,7.62,SE
2003-10-30 21:00:00,1.01,116.51,11.41,SE
2003-10-31 00:00:00,0.95,98.47,11.099999,E
2003-10-31 03:00:00,1.0,71.65,10.98,E
2003-10-31 06:00:00,0.97999996,66.810005,7.04,NE
2003-10-31 09:00:00,0.96,63.940002,7.23,NE
2003-10-31 12:00:00,1.0799999,42.050003,5.22,NE
2003-10-31 15:00:00,1.26,27.660004,5.7599998,NE
2003-10-31 18:00:00,1.1999999,23.960007,6.12,NE
2003-10-31 21:00:00,1.0799999,25.540009,6.27,NE
2003-11-01 00:00:00,0.93,28.350006,6.2599998,NE
2003-11-01 03:00:00,0.9,76.51,6.19,E
2003-11-01 06:00:00,0.84999996,30.240005,6.3799996,NE
2003-11-01 09:00:00,0.81,14.270004,6.3799996,N
2003-11-01 12:00:00,0.84,21.919998,6.7999997,N
2003-11-01 15:00:00,0.79999995,97.01,8.0199995,E
2003-11-01 18:00:00,0.84999996,132.24,8.04,SE
2003-11-01 21:00:00,0.9,144.22,11.3,SE
2003-11-02 00:00:00,1.25,147.42,13.37,SE
2003-11-02 03:00:00,1.02,148.18,12.0,SE
2003-11-02 06:00:00,0.96999997,149.64,11.87,SE
2003-11-02 09:00:00,0.95,150.84,11.7699995,SE
2003-11-02 12:00:00,0.96999997,150.75,10.87,SE
2003-11-02 15:00:00,1.54,159.0,5.27,S
2003-11-02 18:00:00,1.88,161.92,6.2799997,S
2003-11-02 21:00:00,2.02,161.73,6.7999997,S
2003-11-03 00:00:00,1.8399999,159.19,7.0699997,S
2003-11-03 03:00:00,1.75,154.34,7.5,SE
2003-11-03 06:00:00,1.7199999,150.36,7.5499997,SE
2003-11-03 09:00:00,1.5999999,146.7,7.54,SE
2003-11-03 12:00:00,1.4699999,143.83,7.5,SE
2003-11-03 15:00:00,1.36,142.85,7.43,SE
2003-11-03 18:00:00,1.29,142.06,7.45,SE
2003-11-03 21:00:00,1.22,141.38,7.5499997,SE
2003-11-04 00:00:00,1.17,140.58,7.6099997,SE
2003-11-04 03:00:00,1.12,139.63,7.64,SE
2003-11-04 06:00:00,1.0799999,138.89,7.66,SE
2003-11-04 09:00:00,1.04,138.7,7.71,SE
2003-11-04 12:00:00,0.90999997,138.45,7.3199997,SE
2003-11-04 15:00:00,0.91999996,140.41,7.81,SE
2003-11-04 18:00:00,0.96,141.25,10.91,SE
2003-11-04 21:00:00,0.96999997,140.38,11.2699995,SE
2003-11-05 00:00:00,1.29,138.24,13.0199995,SE
2003-11-05 03:00:00,1.06,134.42,11.48,SE
2003-11-05 06:00:00,0.96999997,130.71,11.0199995,SE
2003-11-05 09:00:00,0.93,126.97,8.03,SE
2003-11-05 12:00:00,0.9,122.69,7.95,SE
2003-11-05 15:00:00,0.88,117.37,7.89,SE
2003-11-05 18:00:00,0.87,110.44,7.7799997,E
2003-11-05 21:00:00,0.88,103.12,7.64,E
2003-11-06 00:00:00,0.85999995,99.1,7.49,E
2003-11-06 03:00:00,0.84,94.61,6.99,E
2003-11-06 06:00:00,0.84999996,88.090004,6.7999997,E
2003-11-06 09:00:00,0.85999995,82.21,6.5899997,E
2003-11-06 12:00:00,0.87,78.21,6.6099997,E
2003-11-06 15:00:00,0.85999995,76.12,6.68,E
2003-11-06 18:00:00,0.84,75.44,6.7599998,E
2003-11-06 21:00:00,0.84,75.29,6.79,E
2003-11-07 00:00:00,0.84999996,74.9,6.85,E
2003-11-07 03:00:00,0.88,73.840004,6.98,E
2003-11-07 06:00:00,0.91999996,72.32,7.14,E
2003-11-07 09:00:00,0.94,72.100006,7.31,E
2003-11-07 12:00:00,1.01,72.69,7.49,E
2003-11-07 15:00:00,1.05,72.61,7.6299996,E
2003-11-07 18:00:00,1.05,71.64,7.68,E
2003-11-07 21:00:00,1.04,71.21,7.7,E
2003-11-08 00:00:00,1.03,72.23,7.66,E
2003-11-08 03:00:00,1.01,74.44,7.5299997,E
2003-11-08 06:00:00,1.01,78.090004,7.3799996,E
2003-11-08 09:00:00,1.03,82.200005,7.2599998,E
2003-11-08 12:00:00,1.03,86.22,6.8799996,E
2003-11-08 15:00:00,1.05,89.76,9.05,E
2003-11-08 18:00:00,1.05,92.42,8.87,E
2003-11-08 21:00:00,1.06,94.23,8.28,E
2003-11-09 00:00:00,1.0699999,95.58,8.15,E
2003-11-09 03:00:00,1.09,96.44,9.2699995,E
2003-11-09 06:00:00,1.12,96.9,9.09,E
2003-11-09 09:00:00,1.27,96.62,9.309999,E
2003-11-09 12:00:00,1.24,96.450005,8.929999,E
2003-11-09 15:00:00,1.23,94.36,8.67,E
2003-11-09 18:00:00,1.22,91.91,8.51,E
2003-11-09 21:00:00,1.22,90.090004,8.349999,E
2003-11-10 00:00:00,1.1999999,89.240005,8.2,E
2003-11-10 03:00:00,1.1999999,89.200005,8.08,E
2003-11-10 06:00:00,1.1899999,89.71,8.0199995,E
2003-11-10 09:00:00,1.1899999,89.86,7.98,E
2003-11-10 12:00:00,1.1899999,89.740005,7.96,E
2003-11-10 15:00:00,1.1899999,89.420006,7.99,E
2003-11-10 18:00:00,1.18,88.670006,8.0199995,E
2003-11-10 21:00:00,1.17,88.04,8.08,E
2003-11-11 00:00:00,1.15,87.65,8.16,E
2003-11-11 03:00:00,1.15,87.08,8.19,E
2003-11-11 06:00:00,1.15,85.86,8.179999,E
2003-11-11 09:00:00,1.15,84.58,8.139999,E
2003-11-11 12:00:00,1.14,83.170006,8.12,E
2003-11-11 15:00:00,1.12,81.590004,8.059999,E
2003-11-11 18:00:00,1.09,80.700005,8.07,E
2003-11-11 21:00:00,1.06,80.450005,8.139999,E
2003-11-12 00:00:00,1.17,80.520004,8.66,E
2003-11-12 03:00:00,1.14,75.58,8.71,E
2003-11-12 06:00:00,1.11,72.51,8.49,E
2003-11-12 09:00:00,1.05,73.950005,8.38,E
2003-11-12 12:00:00,1.03,76.12,8.34,E
2003-11-12 15:00:00,1.01,79.35,8.37,E
2003-11-12 18:00:00,1.01,83.72,8.49,E
2003-11-12 21:00:00,1.29,122.76,8.51,SE
2003-11-13 00:00:00,1.74,144.93,5.8399997,SE
2003-11-13 03:00:00,1.86,144.91,6.3399997,SE
2003-11-13 06:00:00,1.87,141.78,6.45,SE
2003-11-13 09:00:00,1.86,137.15,6.49,SE
2003-11-13 12:00:00,1.86,132.6,6.6,SE
2003-11-13 15:00:00,1.8,129.25,6.73,SE
2003-11-13 18:00:00,1.73,127.2,6.81,SE
2003-11-13 21:00:00,1.66,126.37,6.8799996,SE
2003-11-14 00:00:00,1.64,125.0,7.12,SE
2003-11-14 03:00:00,1.56,123.880005,7.16,SE
2003-11-14 06:00:00,1.52,123.229996,8.71,SE
2003-11-14 09:00:00,1.48,122.59,8.73,SE
2003-11-14 12:00:00,1.4399999,121.76,8.74,SE
2003-11-14 15:00:00,1.4499999,122.86,8.95,SE
2003-11-14 18:00:00,1.37,121.240005,8.849999,SE
2003-11-14 21:00:00,1.17,119.44,8.22,SE
2003-11-15 00:00:00,1.12,119.54,7.7599998,SE
2003-11-15 03:00:00,1.06,118.94,7.66,SE
2003-11-15 06:00:00,1.02,115.57,7.5099998,SE
2003-11-15 09:00:00,1.0,110.44,7.2799997,E
2003-11-15 12:00:00,1.03,102.28,7.97,E
2003-11-15 15:00:00,1.02,94.47,7.8399997,E
2003-11-15 18:00:00,1.0,89.08,7.71,E
2003-11-15 21:00:00,0.96,86.36,7.64,E
2003-11-16 00:00:00,0.94,79.41,7.54,E
2003-11-16 03:00:00,0.98999995,62.58,7.49,NE
2003-11-16 06:00:00,1.12,45.520004,6.15,NE
2003-11-16 09:00:00,1.2099999,37.770004,4.8599997,NE
2003-11-16 12:00:00,1.25,33.809998,5.38,NE
2003-11-16 15:00:00,1.26,29.0,5.6299996,NE
2003-11-16 18:00:00,1.18,31.440002,5.8199997,NE
2003-11-16 21:00:00,1.04,39.380005,5.95,NE
2003-11-17 00:00:00,0.97999996,49.40001,6.1299996,NE
2003-11-17 03:00:00,0.88,61.240005,6.1,NE
2003-11-17 06:00:00,0.94,99.590004,6.18,E
2003-11-17 09:00:00,1.13,137.05,6.48,SE
2003-11-17 12:00:00,1.27,144.74,7.33,SE
2003-11-17 15:00:00,1.3399999,147.31,7.7599998,SE
2003-11-17 18:00:00,1.39,148.86,10.62,SE
2003-11-17 21:00:00,1.39,148.14,10.75,SE
2003-11-18 00:00:00,1.35,146.63,10.63,SE
2003-11-18 03:00:00,1.3199999,145.38,10.59,SE
2003-11-18 06:00:00,1.3199999,144.22,10.639999,SE
2003-11-18 09:00:00,1.3199999,143.14,10.73,SE
2003-11-18 12:00:00,1.4599999,141.39,11.28,SE
2003-11-18 15:00:00,1.37,140.08,11.0199995,SE
2003-11-18 18:00:00,1.3,137.78,10.95,SE
2003-11-18 21:00:00,1.22,133.34,10.69,SE
2003-11-19 00:00:00,1.14,128.34,10.23,SE
2003-11-19 03:00:00,1.09,123.25,9.9,SE
2003-11-19 06:00:00,1.0799999,116.16,9.53,SE
2003-11-19 09:00:00,1.17,100.810005,9.099999,E
2003-11-19 12:00:00,1.1999999,86.1,8.73,E
2003-11-19 15:00:00,1.2099999,78.41,8.349999,E
2003-11-19 18:00:00,1.1999999,73.630005,6.94,E
2003-11-19 21:00:00,1.1899999,69.990005,6.85,E
2003-11-20 00:00:00,1.1999999,64.170006,6.73,NE
2003-11-20 03:00:00,1.1999999,62.120003,6.5899997,NE
2003-11-20 06:00:00,1.1899999,60.61,6.56,NE
2003-11-20 09:00:00,1.25,57.280006,5.7,NE
2003-11-20 12:00:00,1.3399999,52.870003,5.47,NE
2003-11-20 15:00:00,1.35,51.410004,5.83,NE
2003-11-20 18:00:00,1.31,52.480003,6.0899997,NE
2003-11-20 21:00:00,1.27,53.340004,6.72,NE
2003-11-21 00:00:00,1.39,50.020004,7.3999996,NE
2003-11-21 03:00:00,1.41,49.130005,6.66,NE
2003-11-21 06:00:00,1.4,49.729996,6.74,NE
2003-11-21 09:00:00,1.4499999,48.37001,5.29,NE
2003-11-21 12:00:00,1.65,42.229996,5.8399997,NE
2003-11-21 15:00:00,1.7199999,37.199997,6.14,NE
2003-11-21 18:00:00,1.7099999,33.62001,6.24,NE
2003-11-21 21:00:00,1.52,32.190002,6.14,NE
2003-11-22 00:00:00,1.53,35.589996,6.1299996,NE
2003-11-22 03:00:00,1.5,41.08,7.97,NE
2003-11-22 06:00:00,1.63,42.710007,8.13,NE
2003-11-22 09:00:00,1.56,44.809998,6.45,NE
2003-11-22 12:00:00,1.52,43.839996,7.1299996,NE
2003-11-22 15:00:00,1.39,43.690002,7.22,NE
2003-11-22 18:00:00,1.25,44.47,7.22,NE
2003-11-22 21:00:00,1.12,46.949997,7.23,NE
2003-11-23 00:00:00,1.04,52.75,7.46,NE
2003-11-23 03:00:00,0.97999996,58.440002,7.6,NE
2003-11-23 06:00:00,0.96,63.0,7.6099997,NE
2003-11-23 09:00:00,0.94,68.04,7.68,E
2003-11-23 12:00:00,0.94,72.01,7.8399997,E
2003-11-23 15:00:00,0.96,78.5,8.11,E
2003-11-23 18:00:00,1.06,108.51,8.16,E
2003-11-23 21:00:00,1.25,147.66,4.73,SE
2003-11-24 00:00:00,1.54,154.42,6.5699997,SE
2003-11-24 03:00:00,1.4599999,151.65,6.74,SE
2003-11-24 06:00:00,1.63,156.84,6.66,SE
2003-11-24 09:00:00,1.67,159.36,6.62,S
2003-11-24 12:00:00,1.74,162.18,6.94,S
2003-11-24 15:00:00,1.75,165.78,8.29,S
2003-11-24 18:00:00,1.73,166.41,8.59,S
2003-11-24 21:00:00,1.74,169.08,9.01,S
2003-11-25 00:00:00,1.8299999,167.77,9.7,S
2003-11-25 03:00:00,1.9799999,164.59,9.98,S
2003-11-25 06:00:00,2.1299999,162.47,9.969999,S
2003-11-25 09:00:00,2.35,161.73,7.5299997,S
2003-11-25 12:00:00,2.36,162.17,9.91,S
2003-11-25 15:00:00,2.31,162.65,9.99,S
2003-11-25 18:00:00,2.22,162.69,10.01,S
2003-11-25 21:00:00,2.1699998,161.95,10.0,S
2003-11-26 00:00:00,2.07,159.41,10.0,S
2003-11-26 03:00:00,2.02,157.47,9.95,SE
2003-11-26 06:00:00,2.12,157.64,9.849999,S
2003-11-26 09:00:00,2.3,158.12,7.47,S
2003-11-26 12:00:00,2.3,158.33,7.43,S
2003-11-26 15:00:00,2.21,156.96,9.54,SE
2003-11-26 18:00:00,2.08,155.43,9.65,SE
2003-11-26 21:00:00,1.9799999,154.01,9.719999,SE
2003-11-27 00:00:00,1.88,152.29001,9.73,SE
2003-11-27 03:00:00,1.91,151.2,9.65,SE
2003-11-27 06:00:00,2.1499999,152.4,7.27,SE
2003-11-27 09:00:00,2.22,152.76,7.14,SE
2003-11-27 12:00:00,2.12,151.43,8.599999,SE
2003-11-27 15:00:00,2.03,149.89,8.78,SE
2003-11-27 18:00:00,1.9,147.62,8.7699995,SE
2003-11-27 21:00:00,1.79,144.66,8.69,SE
2003-11-28 00:00:00,1.7099999,141.41,8.65,SE
2003-11-28 03:00:00,1.63,139.03,8.62,SE
2003-11-28 06:00:00,1.5799999,137.87,8.63,SE
2003-11-28 09:00:00,1.5699999,137.54001,8.66,SE
2003-11-28 12:00:00,1.53,136.8,8.809999,SE
2003-11-28 15:00:00,1.48,136.01001,9.07,SE
2003-11-28 18:00:00,1.43,135.8,9.37,SE
2003-11-28 21:00:00,1.41,135.31,9.61,SE
2003-11-29 00:00:00,1.39,134.45,9.69,SE
2003-11-29 03:00:00,1.38,133.16,9.76,SE
2003-11-29 06:00:00,1.48,131.71,10.17,SE
2003-11-29 09:00:00,1.39,130.3,9.96,SE
2003-11-29 12:00:00,1.35,129.97,9.98,SE
2003-11-29 15:00:00,1.3199999,129.24,9.94,SE
2003-11-29 18:00:00,1.28,128.13,9.82,SE
2003-11-29 21:00:00,1.25,127.36,9.67,SE
2003-11-30 00:00:00,1.1999999,126.8,9.57,SE
2003-11-30 03:00:00,1.15,125.880005,9.429999,SE
2003-11-30 06:00:00,1.1,123.57,9.3,SE
2003-11-30 09:00:00,1.0699999,119.07,9.13,SE
2003-11-30 12:00:00,1.0699999,111.590004,9.0,E
2003-11-30 15:00:00,1.05,103.57,8.7,E
2003-11-30 18:00:00,1.01,99.060005,8.38,E
2003-11-30 21:00:00,0.97999996,97.770004,7.0299997,E
2003-12-01 00:00:00,1.0,95.76,7.0299997,E
2003-12-01 03:00:00,1.05,113.86,6.0,SE
2003-12-01 06:00:00,1.0,93.950005,6.8399997,E
2003-12-01 09:00:00,0.96999997,86.130005,6.8599997,E
2003-12-01 12:00:00,0.98999995,77.700005,6.87,E
2003-12-01 15:00:00,1.05,71.12,6.81,E
2003-12-01 18:00:00,1.22,68.880005,6.99,E
2003-12-01 21:00:00,1.1999999,68.73,6.79,E
2003-12-02 00:00:00,1.17,70.16,7.3999996,E
2003-12-02 03:00:00,1.1,71.68,7.39,E
2003-12-02 06:00:00,1.05,72.380005,7.3399997,E
2003-12-02 09:00:00,1.0799999,71.22,7.24,E
2003-12-02 12:00:00,1.1999999,69.240005,7.0699997,E
2003-12-02 15:00:00,1.29,67.880005,6.5699997,E
2003-12-02 18:00:00,1.3399999,67.05,6.6,NE
2003-12-02 21:00:00,1.3399999,66.98,6.7799997,NE
2003-12-03 00:00:00,1.31,67.600006,7.2799997,E
2003-12-03 03:00:00,1.3,68.82,7.45,E
2003-12-03 06:00:00,1.3299999,69.15,7.62,E
2003-12-03 09:00:00,1.38,68.18,7.75,E
2003-12-03 12:00:00,1.41,66.64,7.83,NE
2003-12-03 15:00:00,1.4499999,64.32,7.8599997,NE
2003-12-03 18:00:00,1.49,61.270004,7.8599997,NE
2003-12-03 21:00:00,1.49,60.200005,7.79,NE
2003-12-04 00:00:00,1.4399999,60.810005,7.77,NE
2003-12-04 03:00:00,1.37,61.240005,7.7599998,NE
2003-12-04 06:00:00,1.3299999,61.370003,7.73,NE
2003-12-04 09:00:00,1.3299999,59.310005,7.69,NE
2003-12-04 12:00:00,1.3299999,56.870003,7.58,NE
2003-12-04 15:00:00,1.38,50.850006,7.33,NE
2003-12-04 18:00:00,1.41,47.410004,6.1299996,NE
2003-12-04 21:00:00,1.3199999,49.350006,6.37,NE
2003-12-05 00:00:00,1.28,49.089996,6.5099998,NE
2003-12-05 03:00:00,1.25,49.87001,6.7999997,NE
2003-12-05 06:00:00,1.28,45.03,7.16,NE
2003-12-05 09:00:00,1.3,39.190002,6.6099997,NE
2003-12-05 12:00:00,1.25,37.300003,6.5299997,NE
2003-12-05 15:00:00,1.12,41.76001,6.5699997,NE
2003-12-05 18:00:00,1.0799999,56.46,6.64,NE
2003-12-05 21:00:00,1.61,150.27,4.95,SE
2003-12-06 00:00:00,2.1299999,154.16,6.45,SE
2003-12-06 03:00:00,2.82,159.29001,7.6099997,S
2003-12-06 06:00:00,3.08,161.3,8.63,S
2003-12-06 09:00:00,3.07,161.76,9.44,S
2003-12-06 12:00:00,3.08,163.31,9.73,S
2003-12-06 15:00:00,2.84,163.48,9.9,S
2003-12-06 18:00:00,2.6699998,163.95,10.04,S
2003-12-06 21:00:00,2.45,162.25,10.15,S
2003-12-07 00:00:00,2.6,160.02,10.95,S
2003-12-07 03:00:00,2.37,157.19,10.75,SE
2003-12-07 06:00:00,2.32,155.23,10.94,SE
2003-12-07 09:00:00,2.24,153.27,10.91,SE
2003-12-07 12:00:00,2.1,151.22,10.719999,SE
2003-12-07 15:00:00,2.0,149.77,10.54,SE
2003-12-07 18:00:00,1.9599999,149.63,10.54,SE
2003-12-07 21:00:00,1.89,149.99,10.61,SE
2003-12-08 00:00:00,1.78,149.96,10.63,SE
2003-12-08 03:00:00,1.6899999,149.17,10.54,SE
2003-12-08 06:00:00,1.62,148.27,10.29,SE
2003-12-08 09:00:00,1.56,146.68,10.07,SE
2003-12-08 12:00:00,1.52,145.69,9.91,SE
2003-12-08 15:00:00,1.8,145.28,10.79,SE
2003-12-08 18:00:00,1.56,142.7,9.99,SE
2003-12-08 21:00:00,1.4599999,141.83,9.75,SE
2003-12-09 00:00:00,1.37,141.12,9.46,SE
2003-12-09 03:00:00,1.54,140.52,9.84,SE
2003-12-09 06:00:00,1.35,138.2,8.95,SE
2003-12-09 09:00:00,1.28,138.4,8.559999,SE
2003-12-09 12:00:00,1.2099999,138.22,8.349999,SE
2003-12-09 15:00:00,1.16,137.85,8.24,SE
2003-12-09 18:00:00,1.12,137.74,8.179999,SE
2003-12-09 21:00:00,1.1,138.39,8.13,SE
2003-12-10 00:00:00,1.0699999,137.76001,8.08,SE
2003-12-10 03:00:00,1.06,134.61,8.0199995,SE
2003-12-10 06:00:00,1.06,131.0,7.95,SE
2003-12-10 09:00:00,1.05,128.78,7.87,SE
2003-12-10 12:00:00,1.03,127.51,7.7999997,SE
2003-12-10 15:00:00,1.0,126.15,7.7799997,SE
2003-12-10 18:00:00,0.96999997,125.56,7.8199997,SE
2003-12-10 21:00:00,0.93,124.64,7.8599997,SE
2003-12-11 00:00:00,0.9,123.92,7.8599997,SE
2003-12-11 03:00:00,0.88,122.07,7.85,SE
2003-12-11 06:00:00,0.89,113.53,7.8599997,SE
2003-12-11 09:00:00,0.9,107.57,7.9199996,E
2003-12-11 12:00:00,0.9,101.8,8.0,E
2003-12-11 15:00:00,0.85999995,98.840004,8.03,E
2003-12-11 18:00:00,0.87,94.28,8.24,E
2003-12-11 21:00:00,0.81,94.12,8.09,E
2003-12-12 00:00:00,0.76,98.25,8.26,E
2003-12-12 03:00:00,0.77,91.700005,9.08,E
2003-12-12 06:00:00,0.87,72.68,9.73,E
2003-12-12 09:00:00,0.96999997,60.54,4.0499997,NE
2003-12-12 12:00:00,1.03,54.240005,4.61,NE
2003-12-12 15:00:00,1.05,49.78,4.83,NE
2003-12-12 18:00:00,1.03,47.800003,4.97,NE
2003-12-12 21:00:00,0.97999996,48.460007,4.95,NE
2003-12-13 00:00:00,0.96999997,45.600006,7.7999997,NE
2003-12-13 03:00:00,1.0,43.37001,7.73,NE
2003-12-13 06:00:00,1.0,44.559998,4.5899997,NE
2003-12-13 09:00:00,0.97999996,48.089996,4.68,NE
2003-12-13 12:00:00,1.02,45.410004,4.87,NE
2003-12-13 15:00:00,1.04,41.65001,5.0899997,NE
2003-12-13 18:00:00,0.98999995,43.37001,5.12,NE
2003-12-13 21:00:00,0.91999996,49.15001,5.06,NE
2003-12-14 00:00:00,0.83,57.200005,9.29,NE
2003-12-14 03:00:00,0.77,64.920006,9.2,NE
2003-12-14 06:00:00,0.71999997,72.670006,9.11,E
2003-12-14 09:00:00,0.66999996,80.05,9.03,E
2003-12-14 12:00:00,0.65,85.310005,8.92,E
2003-12-14 15:00:00,0.63,90.490005,8.79,E
2003-12-14 18:00:00,0.65999997,100.33,8.5199995,E
2003-12-14 21:00:00,0.68,108.590004,8.26,E
2003-12-15 00:00:00,0.69,109.61,8.03,E
2003-12-15 03:00:00,0.75,111.76,7.97,E
2003-12-15 06:00:00,0.84,114.54,7.0699997,SE
2003-12-15 09:00:00,0.94,116.130005,7.0499997,SE
2003-12-15 12:00:00,0.98999995,114.340004,5.8799996,SE
2003-12-15 15:00:00,1.01,111.48,6.1,E
2003-12-15 18:00:00,1.0799999,113.62,5.98,SE
2003-12-15 21:00:00,1.16,115.14,6.02,SE
2003-12-16 00:00:00,1.24,113.880005,5.98,SE
2003-12-16 03:00:00,1.42,113.9,5.9,SE
2003-12-16 06:00:00,1.61,115.090004,6.18,SE
2003-12-16 09:00:00,1.63,113.16,6.49,SE
2003-12-16 12:00:00,1.5899999,109.07,6.74,E
2003-12-16 15:00:00,1.56,103.91,6.94,E
2003-12-16 18:00:00,1.53,99.950005,7.12,E
2003-12-16 21:00:00,1.53,98.75,7.24,E
2003-12-17 00:00:00,1.53,98.26,7.33,E
2003-12-17 03:00:00,1.52,97.990005,7.41,E
2003-12-17 06:00:00,1.54,98.36,7.49,E
2003-12-17 09:00:00,1.55,98.01,7.54,E
2003-12-17 12:00:00,1.5799999,96.93,7.6099997,E
2003-12-17 15:00:00,1.5999999,96.44,7.7,E
2003-12-17 18:00:00,1.5799999,95.83,7.81,E
2003-12-17 21:00:00,1.55,95.19,7.93,E
2003-12-18 00:00:00,1.56,94.340004,8.03,E
2003-12-18 03:00:00,1.61,92.880005,8.16,E
2003-12-18 06:00:00,1.61,92.020004,8.2699995,E
2003-12-18 09:00:00,1.5899999,92.090004,8.389999,E
2003-12-18 12:00:00,1.5699999,92.020004,8.54,E
2003-12-18 15:00:00,1.5899999,91.62,8.76,E
2003-12-18 18:00:00,1.5799999,91.21,8.87,E
2003-12-18 21:00:00,1.5699999,90.75,8.889999,E
2003-12-19 00:00:00,1.53,90.36,8.87,E
2003-12-19 03:00:00,1.53,90.05,8.94,E
2003-12-19 06:00:00,1.49,89.420006,8.82,E
2003-12-19 09:00:00,1.4399999,87.41,8.71,E
2003-12-19 12:00:00,1.26,85.83,8.23,E
2003-12-19 15:00:00,1.29,84.26,8.41,E
2003-12-19 18:00:00,1.26,81.76,8.42,E
2003-12-19 21:00:00,1.25,79.740005,8.44,E
2003-12-20 00:00:00,1.26,76.11,8.5199995,E
2003-12-20 03:00:00,1.28,72.04,8.58,E
2003-12-20 06:00:00,1.37,65.78,8.65,NE
2003-12-20 09:00:00,1.4399999,61.010002,8.67,NE
2003-12-20 12:00:00,1.5,56.32,8.7,NE
2003-12-20 15:00:00,1.56,49.54001,8.53,NE
2003-12-20 18:00:00,1.53,44.449997,7.3199997,NE
2003-12-20 21:00:00,1.42,43.64,8.22,NE
2003-12-21 00:00:00,1.3,44.910004,8.2699995,NE
2003-12-21 03:00:00,1.15,42.339996,7.83,NE
2003-12-21 06:00:00,1.23,40.03,4.79,NE
2003-12-21 09:00:00,1.28,40.100006,5.2,NE
2003-12-21 12:00:00,1.28,38.160004,5.43,NE
2003-12-21 15:00:00,1.36,33.660004,5.72,NE
2003-12-21 18:00:00,1.3,30.699997,5.6299996,NE
2003-12-21 21:00:00,1.3,28.059998,5.58,NE
2003-12-22 00:00:00,1.4399999,25.740005,5.74,NE
2003-12-22 03:00:00,1.49,26.690002,5.68,NE
2003-12-22 06:00:00,1.4699999,30.440002,5.69,NE
2003-12-22 09:00:00,1.4599999,32.61,5.77,NE
2003-12-22 12:00:00,1.52,29.850006,6.02,NE
2003-12-22 15:00:00,1.56,24.980011,6.17,NE
2003-12-22 18:00:00,1.4599999,25.11,6.2599998,NE
2003-12-22 21:00:00,1.27,30.550003,6.2599998,NE
2003-12-23 00:00:00,1.25,36.050003,6.41,NE
2003-12-23 03:00:00,1.09,49.410004,8.889999,NE
2003-12-23 06:00:00,0.98999995,70.26,12.259999,E
2003-12-23 09:00:00,0.93,86.94,11.82,E
2003-12-23 12:00:00,0.97999996,106.87,11.33,E
2003-12-23 15:00:00,1.06,123.240005,11.75,SE
2003-12-23 18:00:00,1.16,132.54001,12.38,SE
2003-12-23 21:00:00,1.22,136.3,11.929999,SE
2003-12-24 00:00:00,1.25,136.94,11.33,SE
2003-12-24 03:00:00,1.28,135.82,10.969999,SE
2003-12-24 06:00:00,1.27,135.81,10.71,SE
2003-12-24 09:00:00,1.28,136.07,10.83,SE
2003-12-24 12:00:00,1.26,134.06,10.809999,SE
2003-12-24 15:00:00,1.16,131.8,10.23,SE
2003-12-24 18:00:00,1.13,130.73,10.0199995,SE
2003-12-24 21:00:00,1.0699999,129.51001,9.86,SE
2003-12-25 00:00:00,1.02,129.5,9.809999,SE
2003-12-25 03:00:00,1.01,123.91,9.99,SE
2003-12-25 06:00:00,1.05,110.17,10.36,E
2003-12-25 09:00:00,1.05,101.91,10.51,E
2003-12-25 12:00:00,1.0799999,91.270004,10.45,E
2003-12-25 15:00:00,0.98999995,73.490005,9.7,E
2003-12-25 18:00:00,1.06,60.72,4.6,NE
2003-12-25 21:00:00,1.1,50.949997,4.7799997,NE
2003-12-26 00:00:00,1.04,50.800003,6.95,NE
2003-12-26 03:00:00,1.09,45.320007,4.7599998,NE
2003-12-26 06:00:00,1.09,43.449997,4.7799997,NE
2003-12-26 09:00:00,1.11,39.42,4.9,NE
2003-12-26 12:00:00,1.13,36.67,5.16,NE
2003-12-26 15:00:00,1.12,33.930008,5.2599998,NE
2003-12-26 18:00:00,1.14,27.839996,5.35,NE
2003-12-26 21:00:00,1.17,21.839996,5.44,N
2003-12-27 00:00:00,1.0799999,25.01001,5.52,NE
2003-12-27 03:00:00,0.93,41.839996,5.68,NE
2003-12-27 06:00:00,0.88,82.39,7.45,E
2003-12-27 09:00:00,0.91999996,114.08,10.099999,SE
2003-12-27 12:00:00,0.93,125.490005,10.15,SE
2003-12-27 15:00:00,0.91999996,132.08,9.929999,SE
2003-12-27 18:00:00,1.03,144.25,9.23,SE
2003-12-27 21:00:00,1.26,153.31,4.66,SE
2003-12-28 00:00:00,1.55,152.49,5.47,SE
2003-12-28 03:00:00,1.79,149.74,6.16,SE
2003-12-28 06:00:00,1.8399999,147.64,6.46,SE
2003-12-28 09:00:00,1.8199999,145.87,6.5499997,SE
2003-12-28 12:00:00,1.8499999,144.14,6.54,SE
2003-12-28 15:00:00,1.89,141.82,6.58,SE
2003-12-28 18:00:00,1.87,139.3,6.62,SE
2003-12-28 21:00:00,1.8399999,137.72,6.6499996,SE
2003-12-29 00:00:00,1.92,135.74,6.8599997,SE
2003-12-29 03:00:00,1.9,133.93,7.39,SE
2003-12-29 06:00:00,1.81,132.15,7.37,SE
2003-12-29 09:00:00,1.7199999,130.22,7.2599998,SE
2003-12-29 12:00:00,1.5899999,127.22,7.0699997,SE
2003-12-29 15:00:00,1.52,125.2,6.94,SE
2003-12-29 18:00:00,1.4599999,123.19,6.79,SE
2003-12-29 21:00:00,1.4,120.09,6.7,SE
2003-12-30 00:00:00,1.36,117.29,6.71,SE
2003-12-30 03:00:00,1.36,114.94,6.8199997,SE
2003-12-30 06:00:00,1.39,112.24,7.02,E
2003-12-30 09:00:00,1.4,109.01,7.25,E
2003-12-30 12:00:00,1.4,105.810005,7.41,E
2003-12-30 15:00:00,1.4,103.22,7.54,E
2003-12-30 18:00:00,1.41,101.23,7.62,E
2003-12-30 21:00:00,1.43,98.92,7.64,E
2003-12-31 00:00:00,1.4599999,95.950005,7.73,E
2003-12-31 03:00:00,1.51,92.87,7.99,E
2003-12-31 06:00:00,1.5699999,90.200005,8.38,E
2003-12-31 09:00:00,1.65,88.26,8.78,E
2003-12-31 12:00:00,1.67,86.94,8.95,E
2003-12-31 15:00:00,1.6899999,85.98,9.05,E
2003-12-31 18:00:00,1.74,85.810005,9.25,E
2003-12-31 21:00:00,1.8199999,85.73,9.62,E
